
Name    Rank    N=10^5  N=10^6  10^7

302a1   1       1.9440202031715178879   1.6786878466263923595
302a2   1       1.9440202031715178879   1.6786878466263923595
302b1   0       0.50176516431932858810  0.62627675127760965328
302b2   0       0.50176516431932858810  0.62627675127760965328
302c1   1       1.7603652959381449997   1.6789655372310058131
303a1   1       1.6499442565919456331   1.8437068426925183694
303b1   1       1.7859232198029441610   1.6834517195374784856
304a1   1       1.7606441083035764384   1.6817269572779583324
304a2   1       1.7606441083035764384   1.6817269572779583324
304b1   0       0.71168341720777764164  0.50546705464081246639
304b2   0       0.71168341720777764164  0.50546705464081246639
304b3   0       0.71168341720777764164  0.50546705464081246639
304c1   1       1.8063176643368031902   1.4508127653993622653
304d1   0       0.79537487184831289391  0.65022977743729165394
304e1   0       0.54083276764850540850  0.44845391683578698315
304e2   0       0.54083276764850540850  0.44845391683578698315
304e3   0       0.54083276764850540850  0.44845391683578698315
304f1   1       1.8879288522844146435   1.7779280476329306857
306a1   0       1.0509278058835754120   0.70765389240273176043
306a2   0       1.0509278058835754120   0.70765389240273176043
306a3   0       1.0509278058835754120   0.70765389240273176043
306a4   0       1.0509278058835754120   0.70765389240273176043
306b1   1       1.6834216599831796931   1.7585237798653341122
306b2   1       1.6834216599831796931   1.7585237798653341122
306b3   1       1.6834216599831796931   1.7585237798653341122
306b4   1       1.6834216599831796931   1.7585237798653341122
306c1   0       0.46845459759613142060  0.68183301930783655332
306c2   0       0.46845459759613142060  0.68183301930783655332
306c3   0       0.46845459759613142060  0.68183301930783655332
306c4   0       0.46845459759613142060  0.68183301930783655332
306c5   0       0.46845459759613142060  0.68183301930783655332
306c6   0       0.46845459759613142060  0.68183301930783655332
306d1   0       0.47744706684904443114  0.48278715315037782800
306d2   0       0.47744706684904443114  0.48278715315037782800
307a1   0       0.28637251812960636517  0.75676831531158291703
307b1   0       0.57815860437436018734  0.64763653429648530920
307c1   0       0.54703719045223082346  0.58589383947034920502
307d1   0       0.53245686040355380400  0.51782881975250751659
308a1   1       1.7072592495714053973   1.7147568745013551689
309a1   1       2.0145065264576690123   1.7254554316226580986
310a1   0       0.54860937312844434869  0.56189274582234023323
310a2   0       0.54860937312844434869  0.56189274582234023323
310b1   1       1.8206446796113829451   1.7997066712175321416
310b2   1       1.8206446796113829451   1.7997066712175321416
310b3   1       1.8206446796113829451   1.7997066712175321416
310b4   1       1.8206446796113829451   1.7997066712175321416
312a1   0       0.58377601400356437072  0.50390745946155970495
312a2   0       0.58377601400356437072  0.50390745946155970495
312b1   1       1.6529546616448785659   1.5890781933432564946
312b2   1       1.6529546616448785659   1.5890781933432564946
312c1   0       0.69409128358968834932  0.42725706167335058264
312c2   0       0.69409128358968834932  0.42725706167335058264
312c3   0       0.69409128358968834932  0.42725706167335058264
312c4   0       0.69409128358968834932  0.42725706167335058264
312d1   0       0.81194118246297145231  0.41649774975174807499
312d2   0       0.81194118246297145231  0.41649774975174807499
312d3   0       0.81194118246297145231  0.41649774975174807499
312d4   0       0.81194118246297145231  0.41649774975174807499
312e1   0       0.46300455197849720739  0.57648504099579253710
312e2   0       0.46300455197849720739  0.57648504099579253710
312f1   1       1.7421383007357678689   1.8079185035621678808
312f2   1       1.7421383007357678689   1.8079185035621678808
314a1   1       1.7309208779499411273   1.8056961441886450416
315a1   0       0.84368689425992567064  0.54313780356946577934
315a2   0       0.84368689425992567064  0.54313780356946577934
315a3   0       0.84368689425992567064  0.54313780356946577934
315b1   1       1.6700887843631731207   1.7695158255033893588
315b2   1       1.6700887843631731207   1.7695158255033893588
315b3   1       1.6700887843631731207   1.7695158255033893588
315b4   1       1.6700887843631731207   1.7695158255033893588
316a1   0       0.57673611344430575013  0.50357820711773894514
316b1   1       1.7444163851331702975   1.6574525676323696474
318a1   0       0.61346997362704997709  0.43398987461852638787
318b1   0       0.63397879448310663449  0.74583667698401885086
318b2   0       0.63397879448310663449  0.74583667698401885086
318c1   1       1.6566865073447180497   1.5847611449509575782
318d1   1       1.8436044135183184160   1.7524333191293695441
318e1   0       0.53546337860684728797  0.68315430851004058797
319a1   0       0.56399874983858627023  0.64593582948690316798
320a1   0       0.56913205409867357635  0.70420588024735823245
320a2   0       0.56913205409867357635  0.70420588024735823245
320a3   0       0.56913205409867357635  0.70420588024735823245
320a4   0       0.56913205409867357635  0.70420588024735823245
320b1   1       1.7890578825918864048   1.7166743003206010055
320b2   1       1.7890578825918864048   1.7166743003206010055
320b3   1       1.7890578825918864048   1.7166743003206010055
320b4   1       1.7890578825918864048   1.7166743003206010055
320c1   0       0.66366174259962207077  0.60728790703337643806
320c2   0       0.66366174259962207077  0.60728790703337643806
320c3   0       0.66366174259962207077  0.60728790703337643806
320c4   0       0.66366174259962207077  0.60728790703337643806
320d1   0       0.81224888016203077267  0.67748779529502395219
320d2   0       0.81224888016203077267  0.67748779529502395219
320e1   0       0.81745720481534555246  0.56701642140645788543
320e2   0       0.81745720481534555246  0.56701642140645788543
320f1   1       1.9199241644431969078   1.7173318702335014773
320f2   1       1.9199241644431969078   1.7173318702335014773
320f3   1       1.9199241644431969078   1.7173318702335014773
320f4   1       1.9199241644431969078   1.7173318702335014773
322a1   1       1.7787390023757916584   1.8273274349518819520
322a2   1       1.7787390023757916584   1.8273274349518819520
322b1   0       0.55526189806402199262  0.50917457691852205943
322b2   0       0.55526189806402199262  0.50917457691852205943
322c1   0       0.70865686975090233523  0.61804331716975729301
322c2   0       0.70865686975090233523  0.61804331716975729301
322d1   1       1.8512460020074899199   1.7034990471134382432
322d2   1       1.8512460020074899199   1.7034990471134382432
323a1   0       0.49352148582059243810  0.34318340593082034611
324a1   0       0.56940195917364018797  0.59922343615960786043
324a2   0       0.56940195917364018797  0.59922343615960786043
324b1   0       0.65688436033719931269  0.42116965672680471511
324b2   0       0.65688436033719931269  0.42116965672680471511
324c1   1       1.7138663252538688998   1.6182146752582339858
324c2   1       1.7138663252538688998   1.6182146752582339858
324d1   0       0.51068550059946750259  0.52102653814967247723
324d2   0       0.51068550059946750259  0.52102653814967247723
325a1   1       1.8233270529383079454   1.8208046723558503820
325a2   1       1.8233270529383079454   1.8208046723558503820
325b1   1       1.8049642956816756652   1.7772209941805251035
325b2   1       1.8049642956816756652   1.7772209941805251035
325c1   0       0.56100664684059282623  0.50863155580363616818
325c2   0       0.56100664684059282623  0.50863155580363616818
325d1   0       0.59118075864551288922  0.50191101898247511341
325d2   0       0.59118075864551288922  0.50191101898247511341
325e1   0       0.60772170963318626936  0.54423581704713106637
325e2   0       0.60772170963318626936  0.54423581704713106637
326a1   1       1.6401089379665673903   1.7189232531749220815
326b1   1       1.6991010663536438438   1.7652506943312221407
326c1   0       0.72251000776723557307  0.37020917094235711970
326c2   0       0.72251000776723557307  0.37020917094235711970
326c3   0       0.72251000776723557307  0.37020917094235711970
327a1   1       1.8935510911843861618   1.8009168720036990247
328a1   1       1.6972028858331890975   1.8023787274437641880
328a2   1       1.6972028858331890975   1.8023787274437641880
328b1   0       0.55926194099368911646  0.62647573399524346294
328b2   0       0.55926194099368911646  0.62647573399524346294
329a1   0       0.69175737213232680557  0.60849680700256449592
330a1   0       0.38537886530386612771  0.64486845211106819306
330a2   0       0.38537886530386612771  0.64486845211106819306
330a3   0       0.38537886530386612771  0.64486845211106819306
330a4   0       0.38537886530386612771  0.64486845211106819306
330b1   0       0.75665949666984235109  0.68586227180587519672
330b2   0       0.75665949666984235109  0.68586227180587519672
330b3   0       0.75665949666984235109  0.68586227180587519672
330b4   0       0.75665949666984235109  0.68586227180587519672
330b5   0       0.75665949666984235109  0.68586227180587519672
330b6   0       0.75665949666984235109  0.68586227180587519672
330c1   0       0.79403860334352059206  0.62358662650241031345
330c2   0       0.79403860334352059206  0.62358662650241031345
330c3   0       0.79403860334352059206  0.62358662650241031345
330c4   0       0.79403860334352059206  0.62358662650241031345
330c5   0       0.79403860334352059206  0.62358662650241031345
330c6   0       0.79403860334352059206  0.62358662650241031345
330d1   0       0.50650092995371917985  0.50204537397316366987
330d2   0       0.50650092995371917985  0.50204537397316366987
330d3   0       0.50650092995371917985  0.50204537397316366987
330d4   0       0.50650092995371917985  0.50204537397316366987
330e1   1       1.6474494117212943776   1.6907040265766954151
330e2   1       1.6474494117212943776   1.6907040265766954151
330e3   1       1.6474494117212943776   1.6907040265766954151
330e4   1       1.6474494117212943776   1.6907040265766954151
331a1   1       1.8243049222618431912   1.7846614660959762954
333a1   1       1.9802590709991483172   1.7877991081507788046
333a2   1       1.9802590709991483172   1.7877991081507788046
333a3   1       1.9802590709991483172   1.7877991081507788046
333b1   1       1.7660429968132093528   1.7191397653578511516
333b2   1       1.7660429968132093528   1.7191397653578511516
333c1   1       1.7069337863146971686   1.7396737097472064217
333c2   1       1.7069337863146971686   1.7396737097472064217
333d1   0       0.54560081286523680874  0.44604405343624452648
334a1   0       0.40766990592862374515  0.57064899146515226873
335a1   1       1.7728290472813832106   1.7062005758792677436
336a1   0       0.65201976846812194870  0.38010686413219480539
336a2   0       0.65201976846812194870  0.38010686413219480539
336a3   0       0.65201976846812194870  0.38010686413219480539
336a4   0       0.65201976846812194870  0.38010686413219480539
336b1   0       0.48393567566070958024  0.52561090705489025181
336b2   0       0.48393567566070958024  0.52561090705489025181
336b3   0       0.48393567566070958024  0.52561090705489025181
336b4   0       0.48393567566070958024  0.52561090705489025181
336c1   0       0.61848415031642563898  0.46800887027101401788
336c2   0       0.61848415031642563898  0.46800887027101401788
336c3   0       0.61848415031642563898  0.46800887027101401788
336c4   0       0.61848415031642563898  0.46800887027101401788
336d1   0       0.42409227003775092803  0.59908053416040019407
336d2   0       0.42409227003775092803  0.59908053416040019407
336d3   0       0.42409227003775092803  0.59908053416040019407
336d4   0       0.42409227003775092803  0.59908053416040019407
336d5   0       0.42409227003775092803  0.59908053416040019407
336d6   0       0.42409227003775092803  0.59908053416040019407
336e1   1       1.7951435240923304475   1.7816269366339087433
336e2   1       1.7951435240923304475   1.7816269366339087433
336e3   1       1.7951435240923304475   1.7816269366339087433
336e4   1       1.7951435240923304475   1.7816269366339087433
336e5   1       1.7951435240923304475   1.7816269366339087433
336e6   1       1.7951435240923304475   1.7816269366339087433
336f1   0       0.64931762319940692744  0.78590288384873394175
336f2   0       0.64931762319940692744  0.78590288384873394175
338a1   1       1.8534752723542585494   1.8273481737090766365
338a2   1       1.8534752723542585494   1.8273481737090766365
338b1   0       0.89314465786201136593  0.56006962715754614756
338b2   0       0.89314465786201136593  0.56006962715754614756
338c1   0       0.71675614773951321107  0.74966426879307901636
338c2   0       0.71675614773951321107  0.74966426879307901636
338c3   0       0.71675614773951321107  0.74966426879307901636
338d1   0       0.62950100649694431276  0.44094505309251872088
338d2   0       0.62950100649694431276  0.44094505309251872088
338e1   1       1.8815938891767988841   1.7689154162643137843
338e2   1       1.8815938891767988841   1.7689154162643137843
338f1   1       1.8403366922445253615   1.6520917850571298916
338f2   1       1.8403366922445253615   1.6520917850571298916
339a1   1       1.7767613598509104436   1.6619089609941417860
339b1   0       0.53805828188658211539  0.57325377783868713642
339c1   1       1.7017366658917370323   1.7002037238931018396
340a1   1       1.7652295885466142133   1.5961792224405511560
340a2   1       1.7652295885466142133   1.5961792224405511560
342a1   0       0.61823393198852233071  0.50887216240973999584
342a2   0       0.61823393198852233071  0.50887216240973999584
342a3   0       0.61823393198852233071  0.50887216240973999584
342b1   0       0.72010439016201099094  0.57449492174601775461
342b2   0       0.72010439016201099094  0.57449492174601775461
342c1   1       1.7974973081667177936   1.6695479898071571523
342c2   1       1.7974973081667177936   1.6695479898071571523
342c3   1       1.7974973081667177936   1.6695479898071571523
342c4   1       1.7974973081667177936   1.6695479898071571523
342d1   0       0.64849897562854361013  0.66906292722324287256
342d2   0       0.64849897562854361013  0.66906292722324287256
342e1   1       1.6980457803255176170   1.8109845272318676210
342e2   1       1.6980457803255176170   1.8109845272318676210
342f1   0       0.48644852549558453600  0.56363323399164461442
342f2   0       0.48644852549558453600  0.56363323399164461442
342f3   0       0.48644852549558453600  0.56363323399164461442
342f4   0       0.48644852549558453600  0.56363323399164461442
342g1   0       0.50530108916369771426  0.48621245187608706911
342g2   0       0.50530108916369771426  0.48621245187608706911
344a1   1       1.6402153842759080809   1.6461020299906693740
345a1   0       0.48563810123478186267  0.58703630800027438697
345b1   1       1.6866547032302419308   1.7091712423588763026
345c1   0       0.51342678353426679369  0.54197338197073087482
345c2   0       0.51342678353426679369  0.54197338197073087482
345c3   0       0.51342678353426679369  0.54197338197073087482
345c4   0       0.51342678353426679369  0.54197338197073087482
345d1   0       0.64507709273868116860  0.31243104496414873627
345d2   0       0.64507709273868116860  0.31243104496414873627
345d3   0       0.64507709273868116860  0.31243104496414873627
345d4   0       0.64507709273868116860  0.31243104496414873627
345e1   0       0.63067559912869125376  0.42697425767360695188
345f1   1       1.9405141042730551659   1.7335052828227864181
346a1   0       0.63695135885310039114  0.62879173481207764364
346b1   1       1.9100717052606792994   1.9052210170958600944
347a1   1       1.8907085558668639992   1.7019141902276279811
348a1   1       1.8028826550701510940   1.6773050101295265564
348b1   0       0.86296071763615150936  0.38967870134973504545
348c1   0       0.79422583146561784526  0.41048358412838113176
348d1   1       1.6899115399711615810   1.8262155351390868201
350a1   0       0.65632907261938500142  0.36014500150005951729
350a2   0       0.65632907261938500142  0.36014500150005951729
350a3   0       0.65632907261938500142  0.36014500150005951729
350a4   0       0.65632907261938500142  0.36014500150005951729
350b1   0       0.69899395800876588890  0.81490708448607454026
350b2   0       0.69899395800876588890  0.81490708448607454026
350c1   1       1.4901201385489525877   1.6386069320596843132
350c2   1       1.4901201385489525877   1.6386069320596843132
350d1   0       0.58167001862406902341  0.57697117039803283987
350d2   0       0.58167001862406902341  0.57697117039803283987
350d3   0       0.58167001862406902341  0.57697117039803283987
350d4   0       0.58167001862406902341  0.57697117039803283987
350d5   0       0.58167001862406902341  0.57697117039803283987
350d6   0       0.58167001862406902341  0.57697117039803283987
350e1   0       0.74374184303256381224  0.43612434362502426664
350f1   1       1.7615887310698225568   1.8044650816767104867
352a1   0       0.59011282422281661287  0.41989674821794726182
352b1   1       1.7794137327590527280   1.7517857277484357314
352c1   1       1.7920080509693068131   1.7671434165955950249
352d1   1       1.8071628213735427964   1.8930408124107277403
352e1   0       0.64860920308713645745  0.62408381502301825290
352f1   1       1.7592991595054216873   1.6403131469379242296
353a1   0       0.33591963603206549875  0.56935110812711570261
353a2   0       0.33591963603206549875  0.56935110812711570261
354a1   0       0.30392035719745357901  0.41033141761330922681
354a2   0       0.30392035719745357901  0.41033141761330922681
354b1   0       0.46217787118169939755  0.53267337155215183707
354b2   0       0.46217787118169939755  0.53267337155215183707
354c1   1       1.4673497842538794285   1.6485087019132448087
354d1   0       0.63439886063254650436  0.35536104559746227082
354d2   0       0.63439886063254650436  0.35536104559746227082
354d3   0       0.63439886063254650436  0.35536104559746227082
354d4   0       0.63439886063254650436  0.35536104559746227082
354e1   0       0.78194952638768540692  0.45322777067076624204
354e2   0       0.78194952638768540692  0.45322777067076624204
354f1   1       1.8984902262455030066   1.8497573927872719981
355a1   0       0.43311012332376532467  0.68239868877143623011
355a2   0       0.43311012332376532467  0.68239868877143623011
356a1   1       1.8607342608618404647   1.7123691421258083513
357a1   0       0.63723877820971533933  0.53781504053940676821
357b1   1       1.7985745862941729607   1.7314990971794730586
357c1   0       0.48217386377399680798  0.58587737538967885610
357d1   1       1.7727180653994621977   1.8890623260503465098
358a1   0       0.27744925864892567745  0.61270075701925950153
358b1   0       0.57843230986612171381  0.70318688836663521232
358b2   0       0.57843230986612171381  0.70318688836663521232
359a1   1       1.6706997631927776148   1.7053355602967739518
359b1   1       1.7086915396036426662   1.7943698000522765746
360a1   0       0.41139958020560013173  0.56589986148861010194
360a2   0       0.41139958020560013173  0.56589986148861010194
360a3   0       0.41139958020560013173  0.56589986148861010194
360a4   0       0.41139958020560013173  0.56589986148861010194
360a5   0       0.41139958020560013173  0.56589986148861010194
360a6   0       0.41139958020560013173  0.56589986148861010194
360b1   0       0.62153657331743849855  0.58946134217529127656
360b2   0       0.62153657331743849855  0.58946134217529127656
360c1   0       0.54107326163714523825  0.65539020581523735266
360c2   0       0.54107326163714523825  0.65539020581523735266
360d1   0       0.55949304969657240030  0.62291867974426721749
360d2   0       0.55949304969657240030  0.62291867974426721749
360d3   0       0.55949304969657240030  0.62291867974426721749
360d4   0       0.55949304969657240030  0.62291867974426721749
360e1   1       1.7071650261560155594   1.5845974564289514454
360e2   1       1.7071650261560155594   1.5845974564289514454
360e3   1       1.7071650261560155594   1.5845974564289514454
360e4   1       1.7071650261560155594   1.5845974564289514454
361a1   1       1.7966822222997808523   1.7965669175948085016
361a2   1       1.7966822222997808523   1.7965669175948085016
361b1   0       0.48192101671467968450  0.50994982910754043233
361b2   0       0.48192101671467968450  0.50994982910754043233
361b3   0       0.48192101671467968450  0.50994982910754043233
362a1   1       1.7435382752667592474   1.5608591364663840265
362b1   1       1.7795005718028767646   1.9273493856674029723
363a1   0       0.80762413830659513222  0.46197687744836476598
363a2   0       0.80762413830659513222  0.46197687744836476598
363a3   0       0.80762413830659513222  0.46197687744836476598
363a4   0       0.80762413830659513222  0.46197687744836476598
363b1   0       0.58238400592221708996  0.65189658749540959412
363c1   0       0.73535159035715532639  0.31209673469584479162
364a1   1       1.7051788599506233746   1.7630686599129779576
364b1   1       1.6741492926987334254   1.5540109140552779217
366a1   0       0.58465599392196981686  0.52198478386470024144
366b1   0       0.70346892988841574220  0.84100241583682512395
366b2   0       0.70346892988841574220  0.84100241583682512395
366c1   0       0.41043898402135535760  0.75064308832121246449
366d1   0       0.48952314362062914762  0.64630565496661810020
366e1   0       0.35673403462826707085  0.75497507856249884799
366e2   0       0.35673403462826707085  0.75497507856249884799
366e3   0       0.35673403462826707085  0.75497507856249884799
366e4   0       0.35673403462826707085  0.75497507856249884799
366f1   1       1.8534279842543212285   1.8782829575726240898
366f2   1       1.8534279842543212285   1.8782829575726240898
366g1   1       1.9703544279383830757   1.7728489242749752024
368a1   1       1.7909899892112503374   1.5998528318985412852
368a2   1       1.7909899892112503374   1.5998528318985412852
368b1   0       0.54112571832373963595  0.48025384948563924111
368b2   0       0.54112571832373963595  0.48025384948563924111
368c1   0       0.31356987849017714642  0.69063725952176883581
368d1   1       1.7738454509627400525   1.7832588574319694084
368e1   1       1.8320265968422850720   1.8497207618439682364
368e2   1       1.8320265968422850720   1.8497207618439682364
368f1   0       0.53933376077424906616  0.60586576290974092566
368g1   1       1.6587798064510318356   1.7639249166527253577
369a1   1       1.6845955979104219516   1.7035405059662943270
369b1   0       0.37699263221623381187  0.52011881560043578782
369b2   0       0.37699263221623381187  0.52011881560043578782
370a1   1       1.8049640255806040648   1.7190673698843742485
370a2   1       1.8049640255806040648   1.7190673698843742485
370a3   1       1.8049640255806040648   1.7190673698843742485
370a4   1       1.8049640255806040648   1.7190673698843742485
370b1   0       0.58512176624183408771  0.50589708489014821783
370c1   0       0.38507321972916618035  0.34780608041182005300
370c2   0       0.38507321972916618035  0.34780608041182005300
370c3   0       0.38507321972916618035  0.34780608041182005300
370d1   0       0.46736468861617351359  0.74951955626031596086
370d2   0       0.46736468861617351359  0.74951955626031596086
370d3   0       0.46736468861617351359  0.74951955626031596086
370d4   0       0.46736468861617351359  0.74951955626031596086
371a1   1       1.7975919413317262633   1.5458849652864520279
371b1   0       0.47986631143433734133  0.59462394186835693371
372a1   1       1.9696823764339153450   1.5947072762653246928
372b1   0       0.40799903474903798488  0.70068987314803954968
372b2   0       0.40799903474903798488  0.70068987314803954968
372c1   0       0.59991514727280096918  0.55087618958256652294
372c2   0       0.59991514727280096918  0.55087618958256652294
372d1   1       1.7992988030185699819   1.7201647096329043997
373a1   1       1.6285442758712145698   1.6496060846733431953
374a1   1       1.8869759720591595603   1.5539741925242979743
374a2   1       1.8869759720591595603   1.5539741925242979743
377a1   1       1.8942857447738660068   1.8089781931775129252
377a2   1       1.8942857447738660068   1.8089781931775129252
377a3   1       1.8942857447738660068   1.8089781931775129252
377a4   1       1.8942857447738660068   1.8089781931775129252
378a1   0       0.77630444056974299739  0.60981292645710427246
378a2   0       0.77630444056974299739  0.60981292645710427246
378a3   0       0.77630444056974299739  0.60981292645710427246
378b1   0       0.87186857452681382751  0.47855745926208678759
378b2   0       0.87186857452681382751  0.47855745926208678759
378b3   0       0.87186857452681382751  0.47855745926208678759
378c1   0       0.70633423895367035170  0.66465005670017719834
378d1   1       1.8284633181796953976   1.6091209084473486324
378e1   0       0.56231996407374227875  0.62025871486013825353
378e2   0       0.56231996407374227875  0.62025871486013825353
378e3   0       0.56231996407374227875  0.62025871486013825353
378f1   1       1.7102756023590517044   1.7662659935554191551
378f2   1       1.7102756023590517044   1.7662659935554191551
378f3   1       1.7102756023590517044   1.7662659935554191551
378g1   0       0.65255134949227803298  0.76785384802456368693
378h1   0       0.36953802894670049768  0.63910667955747446764
380a1   1       1.5813327892321320392   1.6135886289695642194
380a2   1       1.5813327892321320392   1.6135886289695642194
380b1   0       0.62535162911280053014  0.35176107050577909975
380b2   0       0.62535162911280053014  0.35176107050577909975
381a1   1       1.6922101685382195549   1.7952763943387391156
381b1   0       0.62886387351807166611  0.57689227119682421932
384a1   0       0.50057315658115277830  0.53257328902929015631
384a2   0       0.50057315658115277830  0.53257328902929015631
384b1   0       0.63971090860099840810  0.46250113460107378915
384b2   0       0.63971090860099840810  0.46250113460107378915
384c1   0       0.51294247455519397152  0.63523199743539525053
384c2   0       0.51294247455519397152  0.63523199743539525053
384d1   1       1.7347698990759847977   1.7568862252914356057
384d2   1       1.7347698990759847977   1.7568862252914356057
384e1   0       0.53020017855041828885  0.63780602201017793470
384e2   0       0.53020017855041828885  0.63780602201017793470
384f1   0       0.38519770357071614242  0.62432220489321231614
384f2   0       0.38519770357071614242  0.62432220489321231614
384g1   0       0.39563712953912512271  0.58712854010361186221
384g2   0       0.39563712953912512271  0.58712854010361186221
384h1   1       1.7203236101714496245   1.7717656573184415547
384h2   1       1.7203236101714496245   1.7717656573184415547
385a1   1       1.6699809003038602257   1.7726568752274089107
385a2   1       1.6699809003038602257   1.7726568752274089107
385a3   1       1.6699809003038602257   1.7726568752274089107
385a4   1       1.6699809003038602257   1.7726568752274089107
385b1   1       1.9684096617212555642   1.7607365863677208613
385b2   1       1.9684096617212555642   1.7607365863677208613
387a1   0       0.68588393184860835879  0.36960402086190010948
387b1   1       1.7898952888626838394   1.8053812767195757453
387c1   1       1.6534621242122768665   1.6550801764609807729
387d1   0       0.21112402379436698538  0.56776542901777426174
387d2   0       0.21112402379436698538  0.56776542901777426174
387d3   0       0.21112402379436698538  0.56776542901777426174
387d4   0       0.21112402379436698538  0.56776542901777426174
387e1   0       0.46154155216354579987  0.27775319961425557716
389a1   2       3.0295634783098088765   2.8939467850248328701
390a1   1       1.5861815997695143584   1.6430805227050698121
390a2   1       1.5861815997695143584   1.6430805227050698121
390a3   1       1.5861815997695143584   1.6430805227050698121
390a4   1       1.5861815997695143584   1.6430805227050698121
390b1   0       0.54161330355783550510  0.63719215252767564412
390b2   0       0.54161330355783550510  0.63719215252767564412
390b3   0       0.54161330355783550510  0.63719215252767564412
390b4   0       0.54161330355783550510  0.63719215252767564412
390b5   0       0.54161330355783550510  0.63719215252767564412
390b6   0       0.54161330355783550510  0.63719215252767564412
390c1   0       0.81347198295359873355  0.67609375258166804560
390c2   0       0.81347198295359873355  0.67609375258166804560
390c3   0       0.81347198295359873355  0.67609375258166804560
390c4   0       0.81347198295359873355  0.67609375258166804560
390d1   0       0.40321298352547455731  0.82069499798793874723
390d2   0       0.40321298352547455731  0.82069499798793874723
390d3   0       0.40321298352547455731  0.82069499798793874723
390d4   0       0.40321298352547455731  0.82069499798793874723
390e1   0       0.44594680854134112497  0.66372697918412318598
390e2   0       0.44594680854134112497  0.66372697918412318598
390f1   0       0.59797322716039671740  0.58529797648975969469
390f2   0       0.59797322716039671740  0.58529797648975969469
390g1   0       0.48114922425874172757  0.55480082018387289666
390g2   0       0.48114922425874172757  0.55480082018387289666
390g3   0       0.48114922425874172757  0.55480082018387289666
390g4   0       0.48114922425874172757  0.55480082018387289666
392a1   1       1.5520558460010292489   1.7089280148038860181
392a2   1       1.5520558460010292489   1.7089280148038860181
392a3   1       1.5520558460010292489   1.7089280148038860181
392a4   1       1.5520558460010292489   1.7089280148038860181
392b1   0       0.34630997831793033605  0.45503823491108558178
392c1   1       1.8753126540960103347   1.6550969167275004381
392d1   0       0.71968359379638550032  0.45919169003898655655
392d2   0       0.71968359379638550032  0.45919169003898655655
392e1   0       0.62561124482046459681  0.66245994437861787671
392f1   1       1.8053059732178215217   1.9053617473128640738
395a1   0       0.35190736758344936296  0.70959788281686228795
395a2   0       0.35190736758344936296  0.70959788281686228795
395a3   0       0.35190736758344936296  0.70959788281686228795
395a4   0       0.35190736758344936296  0.70959788281686228795
395b1   0       0.43857277151616433685  0.69734779713476514613
395b2   0       0.43857277151616433685  0.69734779713476514613
395c1   0       0.56962779579310821868  0.78270658575574011461
395c2   0       0.56962779579310821868  0.78270658575574011461
396a1   0       0.66888655008123854428  0.45046930254293551119
396a2   0       0.66888655008123854428  0.45046930254293551119
396b1   1       1.7412556543827318668   1.6473145059435955590
396b2   1       1.7412556543827318668   1.6473145059435955590
396c1   0       0.47880861612327840269  0.67339358411736952276
396c2   0       0.47880861612327840269  0.67339358411736952276
398a1   0       0.43758126180496942153  0.67533972267605258329
398a2   0       0.43758126180496942153  0.67533972267605258329
399a1   1       1.5556755437772772923   1.5335600218756214159
399a2   1       1.5556755437772772923   1.5335600218756214159
399b1   1       1.8410435999260576566   1.6583229305196786157
399b2   1       1.8410435999260576566   1.6583229305196786157
399c1   0       0.38808565383415261064  0.83767753516504720582
399c2   0       0.38808565383415261064  0.83767753516504720582
400a1   1       1.7863472708302574989   1.5777646801891303564
400a2   1       1.7863472708302574989   1.5777646801891303564
400a3   1       1.7863472708302574989   1.5777646801891303564
400a4   1       1.7863472708302574989   1.5777646801891303564
400b1   0       0.32969300081177471619  0.63843322186362081105
400b2   0       0.32969300081177471619  0.63843322186362081105
400b3   0       0.32969300081177471619  0.63843322186362081105
400b4   0       0.32969300081177471619  0.63843322186362081105
400c1   1       1.8563915915038042945   1.6778659826928835625
400c2   1       1.8563915915038042945   1.6778659826928835625
400c3   1       1.8563915915038042945   1.6778659826928835625
400c4   1       1.8563915915038042945   1.6778659826928835625
400d1   0       0.55024377194238268501  0.46699210966644379045
400d2   0       0.55024377194238268501  0.46699210966644379045
400e1   0       0.37842843064567872143  0.63374414312009311520
400e2   0       0.37842843064567872143  0.63374414312009311520
400e3   0       0.37842843064567872143  0.63374414312009311520
400e4   0       0.37842843064567872143  0.63374414312009311520
400f1   0       0.44874634164718122903  0.64995622053622445812
400f2   0       0.44874634164718122903  0.64995622053622445812
400g1   0       0.51469177749611212287  0.68340350728326842505
400h1   1       1.6252281702590886512   1.8033415063446823625


