
Name    Rank    N=10^5  N=10^6  10^7

402a1   1       1.5954887444972091561   1.5399441220291480286
402b1   0       0.41100736956011834411  0.66187814434214755203
402b2   0       0.41100736956011834411  0.66187814434214755203
402b3   0       0.41100736956011834411  0.66187814434214755203
402b4   0       0.41100736956011834411  0.66187814434214755203
402c1   0       0.38309934406120720141  0.58068188986642911868
402c2   0       0.38309934406120720141  0.58068188986642911868
402d1   1       1.8377884485436793389   1.8297342448402794718
402d2   1       1.8377884485436793389   1.8297342448402794718
402d3   1       1.8377884485436793389   1.8297342448402794718
404a1   1       1.7647123366776587806   1.5637550708227392618
404b1   0       0.71073308238619339455  0.52701654109670652184
404b2   0       0.71073308238619339455  0.52701654109670652184
405a1   0       0.64536017299711271299  0.42250087077754319015
405a2   0       0.64536017299711271299  0.42250087077754319015
405b1   1       1.9494429828790317485   1.5776940042894296450
405b2   1       1.9494429828790317485   1.5776940042894296450
405c1   1       1.6229782022202133852   1.6791555080538460168
405c2   1       1.6229782022202133852   1.6791555080538460168
405d1   1       1.6884077618788454944   1.7483668063532754734
405d2   1       1.6884077618788454944   1.7483668063532754734
405e1   0       0.39007160754073912494  0.64867996135060702780
405f1   1       1.9203840104878297748   1.6934113875412537132
406a1   1       1.7721153969795716027   1.6258669373694781688
406a2   1       1.7721153969795716027   1.6258669373694781688
406b1   1       1.7614473524482419219   1.6274255332357754061
406b2   1       1.7614473524482419219   1.6274255332357754061
406c1   1       1.8228368242443257388   1.7774617048596676505
406d1   0       0.58141087461324198314  0.40912800925554916841
406d2   0       0.58141087461324198314  0.40912800925554916841
408a1   0       0.45383216991830674579  0.51483952077897458351
408a2   0       0.45383216991830674579  0.51483952077897458351
408b1   0       0.45451657316896030004  0.50776765450697251749
408b2   0       0.45451657316896030004  0.50776765450697251749
408b3   0       0.45451657316896030004  0.50776765450697251749
408b4   0       0.45451657316896030004  0.50776765450697251749
408c1   0       0.66239140988306193521  0.62062210870838868260
408d1   1       1.7700325227650659448   1.6082725315007185870
410a1   1       1.8455498001361814967   1.7382291643969815815
410a2   1       1.8455498001361814967   1.7382291643969815815
410b1   0       0.71843258112869174925  0.42537414616393548267
410b2   0       0.71843258112869174925  0.42537414616393548267
410b3   0       0.71843258112869174925  0.42537414616393548267
410b4   0       0.71843258112869174925  0.42537414616393548267
410c1   0       0.17537622716496286694  0.73571996693615250292
410c2   0       0.17537622716496286694  0.73571996693615250292
410c3   0       0.17537622716496286694  0.73571996693615250292
410c4   0       0.17537622716496286694  0.73571996693615250292
410d1   1       1.8612395885096235039   1.7112308257949624807
410d2   1       1.8612395885096235039   1.7112308257949624807
414a1   0       0.60520470548659202193  0.42904743880097871311
414a2   0       0.60520470548659202193  0.42904743880097871311
414a3   0       0.60520470548659202193  0.42904743880097871311
414a4   0       0.60520470548659202193  0.42904743880097871311
414b1   0       0.58367980957634052994  0.67443913035511776229
414b2   0       0.58367980957634052994  0.67443913035511776229
414c1   1       1.5349003865041536471   1.5756540939510779731
414c2   1       1.5349003865041536471   1.5756540939510779731
414c3   1       1.5349003865041536471   1.5756540939510779731
414c4   1       1.5349003865041536471   1.5756540939510779731
414d1   1       1.8299298204311633283   1.9274224666704815650
414d2   1       1.8299298204311633283   1.9274224666704815650
415a1   0       0.33642518856272674514  0.47108400912845370123
416a1   0       0.45176345248966355576  0.53244843574186937456
416b1   1       1.8491305590182896812   1.8208235350236315763
417a1   0       0.75396755332529958536  0.54999753438910052826
418a1   0       0.78741957279832703639  0.54221544475224677514
418a2   0       0.78741957279832703639  0.54221544475224677514
418b1   1       1.8211234011295676561   1.7834868756403163141
418c1   0       0.42600292694854868789  0.55225007986830934513
420a1   0       0.40803035093609376090  0.60200475232727425852
420a2   0       0.40803035093609376090  0.60200475232727425852
420b1   0       0.76069987066857784103  0.40191618382761372724
420b2   0       0.76069987066857784103  0.40191618382761372724
420c1   0       0.39346645690594545795  0.69517598504736496975
420c2   0       0.39346645690594545795  0.69517598504736496975
420c3   0       0.39346645690594545795  0.69517598504736496975
420c4   0       0.39346645690594545795  0.69517598504736496975
420d1   0       0.41538680868312882665  0.58536458265408774425
420d2   0       0.41538680868312882665  0.58536458265408774425
422a1   1       1.8193648426058642595   1.6971918206894677368
423a1   1       1.9734153964311722709   1.7780672520696839012
423b1   0       0.47367531640986724742  0.70792201551532524177
423b2   0       0.47367531640986724742  0.70792201551532524177
423c1   1       1.6724938601234356282   1.7315523085595762266
423c2   1       1.6724938601234356282   1.7315523085595762266
423c3   1       1.6724938601234356282   1.7315523085595762266
423c4   1       1.6724938601234356282   1.7315523085595762266
423d1   0       0.32195338226184716158  0.48094904662217460010
423e1   0       0.53262904610324688781  0.67739122817144258748
423f1   1       1.8065437206515073687   1.8413638657069261684
423g1   1       1.8489765815644753026   1.7137588535736091055
425a1   1       1.7176721748561990177   1.6470379815374036047
425a2   1       1.7176721748561990177   1.6470379815374036047
425a3   1       1.7176721748561990177   1.6470379815374036047
425a4   1       1.7176721748561990177   1.6470379815374036047
425b1   1       1.7846648426859596152   1.7047915300752594639
425c1   1       1.7884961909731389350   1.6299322778955615703
425d1   1       1.7852895027770247309   1.4420842176664151686
425d2   1       1.7852895027770247309   1.4420842176664151686
426a1   0       0.76615487424648003672  0.85064473863089409187
426a2   0       0.76615487424648003672  0.85064473863089409187
426b1   1       1.6391169330558946363   1.7285787945299758355
426b2   1       1.6391169330558946363   1.7285787945299758355
426c1   0       0.32404403520130852393  0.57398318252424730258
426c2   0       0.32404403520130852393  0.57398318252424730258
427a1   0       0.73729194788146216632  0.44392424204626191075
427b1   1       1.8548734469875192813   1.8276290953111122076
427c1   1       1.6991795341632345622   1.6842275318254064585
428a1   0       0.82861696518196318687  0.51463181106067177401
428b1   1       1.8970770732975748035   1.7055926765776839255
429a1   1       1.8027683780683035844   1.6914418731734638341
429a2   1       1.8027683780683035844   1.6914418731734638341
429b1   1       1.8973601623621388704   1.6019678776046743525
429b2   1       1.8973601623621388704   1.6019678776046743525
429b3   1       1.8973601623621388704   1.6019678776046743525
429b4   1       1.8973601623621388704   1.6019678776046743525
429b5   1       1.8973601623621388704   1.6019678776046743525
429b6   1       1.8973601623621388704   1.6019678776046743525
430a1   1       1.8168418623413574318   1.5207043061879832040
430b1   1       1.8068516506489365661   1.7735047313953528032
430c1   1       1.9171459560292086582   1.7931789773956536981
430c2   1       1.9171459560292086582   1.7931789773956536981
430c3   1       1.9171459560292086582   1.7931789773956536981
430d1   1       1.7311073846692929413   1.7696583069658850342
431a1   1       1.7539806357220194421   1.6147994971626913047
431b1   0       0.55817908601309020171  0.49165358786327337666
432a1   0       0.47440301866856790228  0.50069706402518110135
432a2   0       0.47440301866856790228  0.50069706402518110135
432a3   0       0.47440301866856790228  0.50069706402518110135
432a4   0       0.47440301866856790228  0.50069706402518110135
432b1   1       1.7327699773254788146   1.6558440741050775746
432b2   1       1.7327699773254788146   1.6558440741050775746
432c1   0       0.60147442189871298877  0.36857636015886203932
432d1   1       1.7018313611563020058   1.7076906656128934053
432e1   0       0.54663324086890965577  0.63739514666743209870
432e2   0       0.54663324086890965577  0.63739514666743209870
432e3   0       0.54663324086890965577  0.63739514666743209870
432f1   1       1.8216443711734773702   1.6959568826613396640
432f2   1       1.8216443711734773702   1.6959568826613396640
432f3   1       1.8216443711734773702   1.6959568826613396640
432g1   0       0.59389981894750622837  0.30352824299343929264
432h1   0       0.67803194867627165064  0.56708327317423966957
433a1   2       2.9884838027127586923   2.8091821783935050305
434a1   1       1.7771882713410646551   1.6396934659198786847
434a2   1       1.7771882713410646551   1.6396934659198786847
434b1   0       0.66394271233773887224  0.51037136311967720703
434b2   0       0.66394271233773887224  0.51037136311967720703
434b3   0       0.66394271233773887224  0.51037136311967720703
434c1   0       0.67040540213408292028  0.55457537189371033331
434c2   0       0.67040540213408292028  0.55457537189371033331
434d1   1       1.7531954810546187495   1.7582796734919033059
434d2   1       1.7531954810546187495   1.7582796734919033059
434e1   0       0.24277030611344650817  0.79262468421950469981
435a1   0       0.64752444740319146951  0.50964329758399553059
435a2   0       0.64752444740319146951  0.50964329758399553059
435b1   0       0.23390713174320321040  0.43043651494563524743
435c1   0       0.74689554822918116122  0.59570248949168892963
435c2   0       0.74689554822918116122  0.59570248949168892963
435c3   0       0.74689554822918116122  0.59570248949168892963
435c4   0       0.74689554822918116122  0.59570248949168892963
435d1   0       0.81392088337286423194  0.53024094924668390759
435d2   0       0.81392088337286423194  0.53024094924668390759
435d3   0       0.81392088337286423194  0.53024094924668390759
435d4   0       0.81392088337286423194  0.53024094924668390759
437a1   1       1.7955101459831232449   1.6950921646481505358
437b1   0       0.63730395771222284454  0.48399294624693291800
438a1   0       0.65725841682488922693  0.48898080920030033518
438a2   0       0.65725841682488922693  0.48898080920030033518
438a3   0       0.65725841682488922693  0.48898080920030033518
438a4   0       0.65725841682488922693  0.48898080920030033518
438b1   0       0.87529656195111206216  0.50935862113440341705
438b2   0       0.87529656195111206216  0.50935862113440341705
438c1   1       1.5937482175369742280   1.6491246202377795393
438c2   1       1.5937482175369742280   1.6491246202377795393
438d1   1       1.7696787512127228669   1.7087887823687042687
438d2   1       1.7696787512127228669   1.7087887823687042687
438d3   1       1.7696787512127228669   1.7087887823687042687
438d4   1       1.7696787512127228669   1.7087887823687042687
438e1   0       0.49229157958877841653  0.63249049722555687821
438e2   0       0.49229157958877841653  0.63249049722555687821
438f1   1       1.8111594598719575142   1.5780580193852018124
438f2   1       1.8111594598719575142   1.5780580193852018124
438f3   1       1.8111594598719575142   1.5780580193852018124
438f4   1       1.8111594598719575142   1.5780580193852018124
438g1   1       1.6794339737334187544   1.5980586806591092574
438g2   1       1.6794339737334187544   1.5980586806591092574
440a1   1       1.5983704299946331761   1.6778390093161444141
440a2   1       1.5983704299946331761   1.6778390093161444141
440b1   1       1.5611753028229929727   1.7928781552078156979
440b2   1       1.5611753028229929727   1.7928781552078156979
440c1   0       0.59832514683195532488  0.47501564703507289870
440c2   0       0.59832514683195532488  0.47501564703507289870
440c3   0       0.59832514683195532488  0.47501564703507289870
440c4   0       0.59832514683195532488  0.47501564703507289870
440d1   0       0.55555604278146928844  0.60101440951977211567
441a1   0       0.62914773379358832932  0.56232923203887570684
441a2   0       0.62914773379358832932  0.56232923203887570684
441b1   1       1.6999829520888185544   1.5991509272312842399
441b2   1       1.6999829520888185544   1.5991509272312842399
441c1   1       1.7665184035877414890   1.6188710013615301982
441c2   1       1.7665184035877414890   1.6188710013615301982
441c3   1       1.7665184035877414890   1.6188710013615301982
441c4   1       1.7665184035877414890   1.6188710013615301982
441c5   1       1.7665184035877414890   1.6188710013615301982
441c6   1       1.7665184035877414890   1.6188710013615301982
441d1   1       1.4952763329474983025   1.8119070962536790252
441d2   1       1.4952763329474983025   1.8119070962536790252
441d3   1       1.4952763329474983025   1.8119070962536790252
441d4   1       1.4952763329474983025   1.8119070962536790252
441e1   0       0.68038348680119827583  0.53725498605216025787
441e2   0       0.68038348680119827583  0.53725498605216025787
441f1   1       1.7152842396732674636   1.5922202100469651461
441f2   1       1.7152842396732674636   1.5922202100469651461
442a1   0       0.81443385642246371703  0.71679441353811768786
442a2   0       0.81443385642246371703  0.71679441353811768786
442b1   1       1.7665324410510497260   1.8054731699083536561
442b2   1       1.7665324410510497260   1.8054731699083536561
442c1   0       0.61788854865553885586  0.25616293321257956519
442c2   0       0.61788854865553885586  0.25616293321257956519
442d1   0       0.74375848195497969700  0.66194995126480362516
442d2   0       0.74375848195497969700  0.66194995126480362516
442e1   0       0.79168234642986762183  0.47540034797820240152
442e2   0       0.79168234642986762183  0.47540034797820240152
443a1   1       1.7688242318151252704   1.8115968749514840207
443b1   1       1.8106485091258055254   1.6437261464646202935
443c1   0       0.80991320041871955484  0.44265196282047006722
444a1   0       0.65732915932150538397  0.35826849866213027497
444a2   0       0.65732915932150538397  0.35826849866213027497
444b1   1       1.7285300417375431634   1.7277803383545761377
444b2   1       1.7285300417375431634   1.7277803383545761377
446a1   1       1.6089926926128995122   1.7673514861881622950
446b1   1       1.5707731532431291172   1.6730186705435382043
446c1   0       0.53193693310389636952  0.51390145792677950252
446c2   0       0.53193693310389636952  0.51390145792677950252
446d1   2       2.9862438860926097497   2.7953841860879540870
448a1   1       1.8842890716360940970   1.8076381439897779572
448a2   1       1.8842890716360940970   1.8076381439897779572
448a3   1       1.8842890716360940970   1.8076381439897779572
448a4   1       1.8842890716360940970   1.8076381439897779572
448b1   1       1.8623265431626630047   1.7089195246689735164
448b2   1       1.8623265431626630047   1.7089195246689735164
448b3   1       1.8623265431626630047   1.7089195246689735164
448b4   1       1.8623265431626630047   1.7089195246689735164
448c1   0       0.56913878325122571960  0.48483925365356863540
448c2   0       0.56913878325122571960  0.48483925365356863540
448c3   0       0.56913878325122571960  0.48483925365356863540
448c4   0       0.56913878325122571960  0.48483925365356863540
448c5   0       0.56913878325122571960  0.48483925365356863540
448c6   0       0.56913878325122571960  0.48483925365356863540
448d1   0       0.42939085168935908422  0.47544504215590196944
448d2   0       0.42939085168935908422  0.47544504215590196944
448e1   0       0.52108144678629142786  0.45596270432843484804
448e2   0       0.52108144678629142786  0.45596270432843484804
448f1   0       0.46116463859922448351  0.61617301685998846084
448f2   0       0.46116463859922448351  0.61617301685998846084
448f3   0       0.46116463859922448351  0.61617301685998846084
448f4   0       0.46116463859922448351  0.61617301685998846084
448f5   0       0.46116463859922448351  0.61617301685998846084
448f6   0       0.46116463859922448351  0.61617301685998846084
448g1   1       1.7252023242301727780   1.7107558290254176741
448g2   1       1.7252023242301727780   1.7107558290254176741
448h1   0       0.60023313024437918631  0.41759861433972024598
448h2   0       0.60023313024437918631  0.41759861433972024598
450a1   0       0.44844177649292845565  0.50049104989756492238
450a2   0       0.44844177649292845565  0.50049104989756492238
450a3   0       0.44844177649292845565  0.50049104989756492238
450a4   0       0.44844177649292845565  0.50049104989756492238
450b1   0       0.52395384680756496089  0.41757131223849968526
450b2   0       0.52395384680756496089  0.41757131223849968526
450b3   0       0.52395384680756496089  0.41757131223849968526
450b4   0       0.52395384680756496089  0.41757131223849968526
450c1   1       1.8027632166922964946   1.6245191433204898615
450c2   1       1.8027632166922964946   1.6245191433204898615
450c3   1       1.8027632166922964946   1.6245191433204898615
450c4   1       1.8027632166922964946   1.6245191433204898615
450d1   0       0.79643840285210530731  0.56307856406626478629
450d2   0       0.79643840285210530731  0.56307856406626478629
450d3   0       0.79643840285210530731  0.56307856406626478629
450d4   0       0.79643840285210530731  0.56307856406626478629
450e1   0       0.52557868153735842638  0.59201537088472740946
450e2   0       0.52557868153735842638  0.59201537088472740946
450e3   0       0.52557868153735842638  0.59201537088472740946
450e4   0       0.52557868153735842638  0.59201537088472740946
450f1   1       1.7012484462389299482   1.6498947401844588148
450f2   1       1.7012484462389299482   1.6498947401844588148
450f3   1       1.7012484462389299482   1.6498947401844588148
450f4   1       1.7012484462389299482   1.6498947401844588148
450g1   0       0.47288930723069946977  0.31397341806765016973
450g2   0       0.47288930723069946977  0.31397341806765016973
450g3   0       0.47288930723069946977  0.31397341806765016973
450g4   0       0.47288930723069946977  0.31397341806765016973
450g5   0       0.47288930723069946977  0.31397341806765016973
450g6   0       0.47288930723069946977  0.31397341806765016973
450g7   0       0.47288930723069946977  0.31397341806765016973
450g8   0       0.47288930723069946977  0.31397341806765016973
451a1   1       1.8712064337234830033   1.7140564191650543801
455a1   1       1.4865205397796304901   1.6094126991455574132
455a2   1       1.4865205397796304901   1.6094126991455574132
455a3   1       1.4865205397796304901   1.6094126991455574132
455a4   1       1.4865205397796304901   1.6094126991455574132
455b1   1       1.5885664813319062166   1.7916737369586052647
455b2   1       1.5885664813319062166   1.7916737369586052647
455b3   1       1.5885664813319062166   1.7916737369586052647
455b4   1       1.5885664813319062166   1.7916737369586052647
456a1   0       0.22049060502797173562  0.58271661633595382057
456a2   0       0.22049060502797173562  0.58271661633595382057
456b1   0       0.45241509034836847242  0.62254156411220192945
456b2   0       0.45241509034836847242  0.62254156411220192945
456b3   0       0.45241509034836847242  0.62254156411220192945
456b4   0       0.45241509034836847242  0.62254156411220192945
456c1   1       1.7641213645339904717   1.7948692210258387493
456d1   1       1.7237069909040751640   1.7079290926926453931
458a1   1       1.7299478104001882498   1.6765827346800193411
458b1   1       1.6929139071193760543   1.6269864094578890302
459a1   1       1.7067048422779677661   1.7410741236633022348
459b1   1       1.7055397064734276485   1.6159061510231006058
459c1   0       0.73758094615226274621  0.46695931437400736955
459c2   0       0.73758094615226274621  0.46695931437400736955
459d1   0       0.70379351774930797020  0.44272405244681818347
459e1   0       0.51832920920739997689  0.53235490301025462491
459f1   0       0.37956850172701574574  0.78183681113968745265
459f2   0       0.37956850172701574574  0.78183681113968745265
459g1   0       0.72932416718202341413  0.42089933062662368326
459h1   1       1.6142610484460858561   1.6631318452655537656
460a1   0       0.63529013880403195636  0.45888657761726075515
460b1   0       0.82048449380489701577  0.37430660783600979359
460c1   1       1.6633253911380602994   1.7767109465855519017
460c2   1       1.6633253911380602994   1.7767109465855519017
460d1   1       1.7911050597669303067   1.6269043233272055961
462a1   1       1.6903324244278066592   1.7001720578622331678
462a2   1       1.6903324244278066592   1.7001720578622331678
462b1   0       0.46514416960884223037  0.33045363123864323474
462b2   0       0.46514416960884223037  0.33045363123864323474
462b3   0       0.46514416960884223037  0.33045363123864323474
462b4   0       0.46514416960884223037  0.33045363123864323474
462c1   1       1.5195142444175201503   1.8020381624751806296
462c2   1       1.5195142444175201503   1.8020381624751806296
462c3   1       1.5195142444175201503   1.8020381624751806296
462c4   1       1.5195142444175201503   1.8020381624751806296
462d1   0       0.84360601345159235270  0.49020524846908449491
462d2   0       0.84360601345159235270  0.49020524846908449491
462e1   1       1.8783229841026410033   1.7577148997078572937
462e2   1       1.8783229841026410033   1.7577148997078572937
462f1   0       0.69598729929589385518  0.73382286879850969921
462f2   0       0.69598729929589385518  0.73382286879850969921
462f3   0       0.69598729929589385518  0.73382286879850969921
462f4   0       0.69598729929589385518  0.73382286879850969921
462g1   0       0.51857161624524941479  0.53484604309629450809
462g2   0       0.51857161624524941479  0.53484604309629450809
462g3   0       0.51857161624524941479  0.53484604309629450809
462g4   0       0.51857161624524941479  0.53484604309629450809
464a1   1       1.7251277213438341324   1.5978221324270593883
464b1   1       1.9182848227522590662   1.6246814692391486418
464c1   0       0.51108848954964006881  0.55306155447047110908
464c2   0       0.51108848954964006881  0.55306155447047110908
464d1   0       0.39125548634752174838  0.64709396690609582474
464d2   0       0.39125548634752174838  0.64709396690609582474
464e1   0       0.56533805133705677829  0.44681941501736122563
464e2   0       0.56533805133705677829  0.44681941501736122563
464f1   0       0.53945855216307605417  0.70545279004968786920
464g1   0       0.58521074833472964053  0.50142267719627216537
465a1   1       1.8621364229723856017   1.6266061882328824804
465a2   1       1.8621364229723856017   1.6266061882328824804
465b1   1       1.8339864646248435562   1.7059450450969517753
465b2   1       1.8339864646248435562   1.7059450450969517753
465b3   1       1.8339864646248435562   1.7059450450969517753
465b4   1       1.8339864646248435562   1.7059450450969517753
466a1   0       0.43371536940306841865  0.80221395660416001421
466a2   0       0.43371536940306841865  0.80221395660416001421
466b1   0       0.62518113010695592733  0.50602648740741897052
466b2   0       0.62518113010695592733  0.50602648740741897052
467a1   1       1.7832133415350579798   1.6997884861159638747
468a1   0       0.62700956439595562872  0.38117301373188148645
468a2   0       0.62700956439595562872  0.38117301373188148645
468b1   0       0.64362776377687595416  0.31768826819406605832
468b2   0       0.64362776377687595416  0.31768826819406605832
468c1   1       1.8695697782654052021   1.6625158182676527976
468c2   1       1.8695697782654052021   1.6625158182676527976
468d1   0       0.49883774680538391573  0.50864807571461148687
468d2   0       0.49883774680538391573  0.50864807571461148687
468d3   0       0.49883774680538391573  0.50864807571461148687
468d4   0       0.49883774680538391573  0.50864807571461148687
468e1   0       0.34948008121674059674  0.71857234261438151498
468e2   0       0.34948008121674059674  0.71857234261438151498
469a1   1       1.7787171999651800801   1.7994371777703440177
469b1   1       1.6642942326153675928   1.6880016498436738989
470a1   1       1.8280959362854966851   1.8326877866629337134
470b1   0       0.61204592174544699449  0.46183808779086566899
470b2   0       0.61204592174544699449  0.46183808779086566899
470c1   1       1.6680710169167364833   1.8909935071537880841
470d1   0       0.63148903448905009023  0.44003134773368870264
470d2   0       0.63148903448905009023  0.44003134773368870264
470e1   1       1.7771100004769972976   1.6293494573832117718
470f1   1       2.0448896707052971193   1.6260783106630425465
471a1   1       1.7564192924701428785   1.4622029213743668097
472a1   1       1.6787676972023362440   1.6897842695322115870
472b1   0       0.39685577728914343141  0.50069843555686556441
472c1   0       0.64723573257294642619  0.49701693505025022622
472d1   0       0.49180473868247820132  0.38392519983524432158
472e1   1       1.5437049613786062265   1.5761526236528139799
473a1   1       1.5864749681598719985   1.8515457557511836790
474a1   1       1.5804799613426221856   1.7950749386679851538
474b1   1       1.8486986584101511133   1.7762000105243261728
475a1   0       0.41174902305749606111  0.66939484861943894806
475a2   0       0.41174902305749606111  0.66939484861943894806
475a3   0       0.41174902305749606111  0.66939484861943894806
475b1   1       1.8667535892793638635   1.6506513448760323372
475b2   1       1.8667535892793638635   1.6506513448760323372
475c1   1       1.7385179808492581997   1.7945024992662075931
475c2   1       1.7385179808492581997   1.7945024992662075931
477a1   1       1.6392012538129553372   1.7938083646013994234
480a1   1       1.5586995243112327214   1.5472212330912650532
480a2   1       1.5586995243112327214   1.5472212330912650532
480a3   1       1.5586995243112327214   1.5472212330912650532
480a4   1       1.5586995243112327214   1.5472212330912650532
480b1   0       0.82783003893757870049  0.45245021364747008012
480b2   0       0.82783003893757870049  0.45245021364747008012
480b3   0       0.82783003893757870049  0.45245021364747008012
480b4   0       0.82783003893757870049  0.45245021364747008012
480c1   0       0.52781364284058821138  0.64255328252593186291
480c2   0       0.52781364284058821138  0.64255328252593186291
480c3   0       0.52781364284058821138  0.64255328252593186291
480c4   0       0.52781364284058821138  0.64255328252593186291
480d1   0       0.53429524970882104145  0.81636766670637578916
480d2   0       0.53429524970882104145  0.81636766670637578916
480d3   0       0.53429524970882104145  0.81636766670637578916
480d4   0       0.53429524970882104145  0.81636766670637578916
480e1   0       0.30302947338805117536  0.80673260655453763285
480e2   0       0.30302947338805117536  0.80673260655453763285
480e3   0       0.30302947338805117536  0.80673260655453763285
480e4   0       0.30302947338805117536  0.80673260655453763285
480f1   1       1.6950169934402910322   1.6545526967834506624
480f2   1       1.6950169934402910322   1.6545526967834506624
480f3   1       1.6950169934402910322   1.6545526967834506624
480f4   1       1.6950169934402910322   1.6545526967834506624
480g1   0       0.58497033488859309853  0.54107406154009804713
480g2   0       0.58497033488859309853  0.54107406154009804713
480g3   0       0.58497033488859309853  0.54107406154009804713
480g4   0       0.58497033488859309853  0.54107406154009804713
480h1   0       0.64658014397632734634  0.65669254412251119110
480h2   0       0.64658014397632734634  0.65669254412251119110
480h3   0       0.64658014397632734634  0.65669254412251119110
480h4   0       0.64658014397632734634  0.65669254412251119110
481a1   1       1.6386704893094859739   1.6202917734271694383
481a2   1       1.6386704893094859739   1.6202917734271694383
482a1   1       1.8326070900141321801   1.5330181255281616042
483a1   0       0.66618814078356740985  0.62101299694694601818
483b1   0       0.54874518292116142013  0.73182685203382996462
484a1   1       1.7316749717234465496   1.7254949024857238490
484a2   1       1.7316749717234465496   1.7254949024857238490
485a1   0       0.73234559260203252970  0.31239714347745154334
485a2   0       0.73234559260203252970  0.31239714347745154334
485a3   0       0.73234559260203252970  0.31239714347745154334
485b1   1       1.7875304814356829517   1.6994871384499099161
486a1   1       1.7705960209552040040   1.5550489432116640262
486a2   1       1.7705960209552040040   1.5550489432116640262
486b1   1       1.6611036733196355369   1.8158261987566948849
486b2   1       1.6611036733196355369   1.8158261987566948849
486c1   0       0.55563688648274919167  0.29621851610754114587
486c2   0       0.55563688648274919167  0.29621851610754114587
486d1   0       0.62738043747085748166  0.56198853498676022166
486d2   0       0.62738043747085748166  0.56198853498676022166
486e1   0       0.65906039823046187477  0.76038461568439590781
486e2   0       0.65906039823046187477  0.76038461568439590781
486f1   1       1.9811911958440224632   1.7461867351641407367
486f2   1       1.9811911958440224632   1.7461867351641407367
490a1   1       1.6144832902396230108   1.6053712164177159483
490a2   1       1.6144832902396230108   1.6053712164177159483
490b1   0       0.36160721345386076445  0.35002757058001515340
490b2   0       0.36160721345386076445  0.35002757058001515340
490c1   0       0.25195595474000294697  0.50119053447081924325
490c2   0       0.25195595474000294697  0.50119053447081924325
490d1   1       1.6878621405423237589   1.6491228415119437254
490d2   1       1.6878621405423237589   1.6491228415119437254
490e1   0       0.77019068139354599075  0.55169990389074939050
490e2   0       0.77019068139354599075  0.55169990389074939050
490f1   0       0.50953348086698781196  0.47680529523838505498
490f2   0       0.50953348086698781196  0.47680529523838505498
490g1   1       1.9667211767942832675   1.8748415832616009958
490g2   1       1.9667211767942832675   1.8748415832616009958
490h1   0       0.48483258263322522274  0.54950513670226135786
490h2   0       0.48483258263322522274  0.54950513670226135786
490h3   0       0.48483258263322522274  0.54950513670226135786
490h4   0       0.48483258263322522274  0.54950513670226135786
490i1   0       0.63818013994408919460  0.76900000458130802679
490i2   0       0.63818013994408919460  0.76900000458130802679
490j1   0       0.55970181702605435464  0.55398449094615399382
490j2   0       0.55970181702605435464  0.55398449094615399382
490k1   0       0.68528396195166310464  0.66476852381336670757
490k2   0       0.68528396195166310464  0.66476852381336670757
492a1   1       1.6499684242967300813   1.5442087961709762707
492b1   1       1.8961975548536582120   1.5910450192920400117
493a1   0       0.69125964131354610873  0.52325428518315623973
493b1   1       1.7558889470155950265   1.7639287367395839335
494a1   1       1.7923805251550019061   1.7938511774994687800
494b1   0       0.64063596137137750653  0.73227641516445759139
494b2   0       0.64063596137137750653  0.73227641516445759139
494b3   0       0.64063596137137750653  0.73227641516445759139
494b4   0       0.64063596137137750653  0.73227641516445759139
494c1   0       0.43092405740685072133  0.66202310050078612668
494d1   1       1.4903717601418915271   1.5152625378549126833
495a1   1       1.8325221075457713533   1.8291249389409773343
495a2   1       1.8325221075457713533   1.8291249389409773343
495a3   1       1.8325221075457713533   1.8291249389409773343
495a4   1       1.8325221075457713533   1.8291249389409773343
496a1   1       1.8102187423057185613   1.7207856924839269468
496b1   0       0.76906484311437593510  0.54665181568617506450
496c1   0       0.82298072732047033313  0.45899334419446455627
496c2   0       0.82298072732047033313  0.45899334419446455627
496d1   0       0.55921551017123681268  0.51420147814995291404
496d2   0       0.55921551017123681268  0.51420147814995291404
496e1   1       1.7857934564783519772   1.7228668485690215118
496f1   1       1.8404239282944356707   1.7704466644709292591
496f2   1       1.8404239282944356707   1.7704466644709292591
496f3   1       1.8404239282944356707   1.7704466644709292591
496f4   1       1.8404239282944356707   1.7704466644709292591
497a1   1       1.7449987083946426333   1.7995704069153359373
498a1   0       0.51710556408674886580  0.59754062212396818911
498a2   0       0.51710556408674886580  0.59754062212396818911
498b1   1       1.9536290495553726347   1.7539233973743577297


