
Name    Rank    N=10^5  N=10^6  10^7

901a1   1       1.5376181639908362305   1.4141494580854547101
901a2   1       1.5376181639908362305   1.4141494580854547101
901b1   1       1.7309818611339892614   1.8175180662057304976
901b2   1       1.7309818611339892614   1.8175180662057304976
901c1   0       0.53575381224794115786  0.38015934456861308630
901c2   0       0.53575381224794115786  0.38015934456861308630
901d1   0       0.46297628765573168069  0.72767655640683627095
901e1   1       1.5128195990632463495   1.7488232981573765064
901f1   1       1.8020303074340681949   1.6438002121710479501
902a1   1       1.5910141906201072333   1.6156178887454655028
902b1   0       0.71957246932310465692  0.68711243913461959376
902b2   0       0.71957246932310465692  0.68711243913461959376
903a1   1       1.6491842020080894565   1.8360019482564407771
903b1   0       0.54008885356021657831  0.76170856050322897199
903b2   0       0.54008885356021657831  0.76170856050322897199
903b3   0       0.54008885356021657831  0.76170856050322897199
904a1   1       1.7628191567132506327   1.7843341623162636179
904a2   1       1.7628191567132506327   1.7843341623162636179
905a1   1       1.6612728681207246972   1.6771538674101735722
905a2   1       1.6612728681207246972   1.6771538674101735722
905b1   0       0.46951604364178610285  0.45453809432200378465
906a1   1       1.4057354344809236892   1.6324400834234656611
906b1   1       1.6690387647931472189   1.7040824033422505467
906c1   1       1.5224741518688330571   1.8493156384860990972
906c2   1       1.5224741518688330571   1.8493156384860990972
906c3   1       1.5224741518688330571   1.8493156384860990972
906d1   1       1.7423430744951851968   1.8055502433617552047
906d2   1       1.7423430744951851968   1.8055502433617552047
906e1   0       0.75583363648248324468  0.35167154386060535630
906f1   0       0.35884072127564613475  0.59501837885119188448
906g1   1       1.6944835652269074619   1.6332856803712706492
906h1   1       1.9111177546315048611   1.8103681712199203207
906i1   0       0.41566481150316928811  0.91202623868549685554
909a1   0       0.45690398515374077778  0.56784731052119809009
909b1   0       0.31842308637860476293  0.69385413195440026232
909c1   1       1.7743639236206740890   1.6473040699768462318
910a1   0       0.19645946778999780678  0.51689799895549043602
910a2   0       0.19645946778999780678  0.51689799895549043602
910a3   0       0.19645946778999780678  0.51689799895549043602
910a4   0       0.19645946778999780678  0.51689799895549043602
910b1   1       1.6426547424150127834   1.7020962961611636217
910b2   1       1.6426547424150127834   1.7020962961611636217
910c1   1       1.4806543670825530433   1.6437371329498897447
910c2   1       1.4806543670825530433   1.6437371329498897447
910c3   1       1.4806543670825530433   1.6437371329498897447
910c4   1       1.4806543670825530433   1.6437371329498897447
910d1   1       1.8130444362544586993   1.8651773065956942152
910d2   1       1.8130444362544586993   1.8651773065956942152
910e1   0       0.63246246568597686968  0.62700219527594782610
910e2   0       0.63246246568597686968  0.62700219527594782610
910e3   0       0.63246246568597686968  0.62700219527594782610
910f1   1       1.6845897524131208726   1.5944075110071521866
910f2   1       1.6845897524131208726   1.5944075110071521866
910g1   1       1.7880071932229247079   1.5369822444706204378
910h1   1       1.6291208841443677125   1.7029935737274915645
910i1   0       0.61967118251091074396  0.52553900932615843569
910i2   0       0.61967118251091074396  0.52553900932615843569
910j1   0       0.59461016309392086932  0.68523526407979649820
910j2   0       0.59461016309392086932  0.68523526407979649820
910j3   0       0.59461016309392086932  0.68523526407979649820
910j4   0       0.59461016309392086932  0.68523526407979649820
910j5   0       0.59461016309392086932  0.68523526407979649820
910j6   0       0.59461016309392086932  0.68523526407979649820
910k1   1       1.6350910765624548292   1.7918980998634644615
910k2   1       1.6350910765624548292   1.7918980998634644615
912a1   1       1.7202893557295080040   1.4839115865185108697
912b1   0       0.46300162468632624170  0.60393689867357772076
912b2   0       0.46300162468632624170  0.60393689867357772076
912b3   0       0.46300162468632624170  0.60393689867357772076
912b4   0       0.46300162468632624170  0.60393689867357772076
912c1   0       0.61327222021040078713  0.65339069678576834259
912d1   0       0.47707433206308914422  0.44445054143260854625
912d2   0       0.47707433206308914422  0.44445054143260854625
912e1   0       0.64462617556742796229  0.57897217522629520365
912e2   0       0.64462617556742796229  0.57897217522629520365
912e3   0       0.64462617556742796229  0.57897217522629520365
912e4   0       0.64462617556742796229  0.57897217522629520365
912f1   1       1.7528036195477341453   1.7874011716270767121
912f2   1       1.7528036195477341453   1.7874011716270767121
912g1   1       1.5932775714170765731   1.5125054753112148549
912g2   1       1.5932775714170765731   1.5125054753112148549
912g3   1       1.5932775714170765731   1.5125054753112148549
912g4   1       1.5932775714170765731   1.5125054753112148549
912h1   1       1.7658142897205519990   1.4719440057314258381
912h2   1       1.7658142897205519990   1.4719440057314258381
912i1   1       1.7574112205662997707   1.6927337431002301843
912j1   0       0.50954534441384082196  0.42499190216463933314
912j2   0       0.50954534441384082196  0.42499190216463933314
912k1   0       0.41439949617920389611  0.79775949389331467402
912k2   0       0.41439949617920389611  0.79775949389331467402
912k3   0       0.41439949617920389611  0.79775949389331467402
912k4   0       0.41439949617920389611  0.79775949389331467402
912l1   0       0.88761714834947720583  0.28119284079352302274
913a1   0       0.52980085176519158585  0.25622060758186026677
913b1   0       0.53243091589206021124  0.48367698387306034288
914a1   1       1.7089524741374451038   1.7412766586841162406
914a2   1       1.7089524741374451038   1.7412766586841162406
914b1   0       0.45562604159125106941  0.55823414360577304364
915a1   0       0.49855165012343407264  0.59763631335012642107
915b1   1       1.7042696202881651899   1.5729440625677664401
915b2   1       1.7042696202881651899   1.5729440625677664401
915b3   1       1.7042696202881651899   1.5729440625677664401
915b4   1       1.7042696202881651899   1.5729440625677664401
915c1   0       0.29367019662215734757  0.41097538016044088622
915d1   1       1.8500940800419775038   1.8372545230121213580
915d2   1       1.8500940800419775038   1.8372545230121213580
916a1   0       0.33995017210850627626  0.43510019811293046838
916a2   0       0.33995017210850627626  0.43510019811293046838
916b1   0       0.61369372450943654734  0.33440979600224641651
916c1   2       2.8418006286354922176   2.8734389635613287400
916d1   1       1.4723323036187994387   1.7410180885110326359
916d2   1       1.4723323036187994387   1.7410180885110326359
916e1   1       1.5073527045836949425   1.7668369225039336625
918a1   1       1.7776439001333553845   1.4742437133550542712
918b1   1       1.8173060708827404205   1.7184201528881737835
918c1   1       1.6468892956557072292   1.6541193900577372834
918d1   0       0.72153702388645200733  0.37203072397712467508
918d2   0       0.72153702388645200733  0.37203072397712467508
918e1   1       1.6976664474789630878   1.6575311362039855710
918e2   1       1.6976664474789630878   1.6575311362039855710
918f1   1       1.5211523776070179662   1.7464626323880234195
918f2   1       1.5211523776070179662   1.7464626323880234195
918g1   0       0.51665288607694865921  0.61462113468642207425
918g2   0       0.51665288607694865921  0.61462113468642207425
918h1   1       1.8279479137863276912   1.8388373248633391155
918i1   1       1.5540361266753461500   1.6822377377175115266
918i2   1       1.5540361266753461500   1.6822377377175115266
918j1   1       1.8004889071628009458   1.5286486266736822759
918j2   1       1.8004889071628009458   1.5286486266736822759
918k1   0       0.73200231769972782206  0.52552330707744543231
918l1   0       0.26227747041318292410  0.74879470528693137122
920a1   1       1.8159537338601788949   1.6097428157476546944
920b1   1       1.6952283093108706585   1.7911604683611531026
920c1   1       1.5842070313771576065   1.4389004248545722319
920d1   1       1.6552307289336435409   1.5734580724621987992
921a1   0       0.35146247303359555391  0.29944727737921131584
921b1   1       1.6510873731626927221   1.9128644105939083513
921b2   1       1.6510873731626927221   1.9128644105939083513
922a1   0       0.65152371765602090176  0.57139216405551031507
923a1   0       0.18733650415335731362  0.62567152678079851056
924a1   0       0.70541132391026504670  0.29387450769209301158
924b1   1       1.9604851103558678640   1.6185144581777687126
924c1   1       1.9328603524502743690   1.6192841960689700530
924d1   0       0.57066867473825119144  0.67664942669022330049
924e1   1       1.5708627271101252099   1.6402047661986188825
924f1   0       0.65898397305662990814  0.53627970681137760809
924g1   0       0.50753372560351415566  0.68641984872410122344
924g2   0       0.50753372560351415566  0.68641984872410122344
924h1   1       1.6745546586148554811   1.7801992324775028727
924h2   1       1.6745546586148554811   1.7801992324775028727
925a1   1       1.5344894507115504005   1.5531537319207539091
925b1   1       1.7143835785700041531   1.6265063187074726593
925b2   1       1.7143835785700041531   1.6265063187074726593
925b3   1       1.7143835785700041531   1.6265063187074726593
925c1   0       0.71051296420946940754  0.59413829235462064532
925c2   0       0.71051296420946940754  0.59413829235462064532
925d1   0       0.51996068058384279381  0.71136515908707079636
925e1   0       0.35026260377170733785  0.63721852612647868737
926a1   0       0.66742776546052370450  0.57509592321295778786
926a2   0       0.66742776546052370450  0.57509592321295778786
927a1   1       1.8979435730475954818   1.5852930183173762921
928a1   1       1.5004557535036228287   1.5625458153808440545
928b1   1       1.8295533636947712117   1.5700732961249457548
930a1   1       1.5393795136737157224   1.5814790833070339166
930a2   1       1.5393795136737157224   1.5814790833070339166
930a3   1       1.5393795136737157224   1.5814790833070339166
930a4   1       1.5393795136737157224   1.5814790833070339166
930b1   0       0.64145189297411267260  0.59116005335135585738
930c1   0       0.28487553057100453386  0.54659308044681119694
930d1   1       1.7821142488718497947   1.6378294072860523970
930d2   1       1.7821142488718497947   1.6378294072860523970
930e1   1       1.5828708052256230745   1.6049953739444073899
930e2   1       1.5828708052256230745   1.6049953739444073899
930f1   0       0.75528727396685052921  0.64737805930310067098
930g1   0       0.66498339319208558676  0.51553567893062058964
930g2   0       0.66498339319208558676  0.51553567893062058964
930g3   0       0.66498339319208558676  0.51553567893062058964
930g4   0       0.66498339319208558676  0.51553567893062058964
930h1   1       1.7262912355863531143   1.7391106963174149693
930h2   1       1.7262912355863531143   1.7391106963174149693
930i1   0       0.46927442383714802994  0.52241259287354038909
930i2   0       0.46927442383714802994  0.52241259287354038909
930j1   0       0.36115479474483944845  0.49386144701480949162
930j2   0       0.36115479474483944845  0.49386144701480949162
930k1   0       0.38496294360411081322  0.64168011255977508912
930k2   0       0.38496294360411081322  0.64168011255977508912
930l1   0       0.54978327412693129541  0.31478728375209521514
930m1   1       1.7048032930231432601   1.6002817597996018176
930m2   1       1.7048032930231432601   1.6002817597996018176
930n1   0       0.55039682194046847044  0.73854361699576038118
930n2   0       0.55039682194046847044  0.73854361699576038118
930n3   0       0.55039682194046847044  0.73854361699576038118
930n4   0       0.55039682194046847044  0.73854361699576038118
930o1   0       0.39615468116624072409  0.68110636687743616580
930o2   0       0.39615468116624072409  0.68110636687743616580
930o3   0       0.39615468116624072409  0.68110636687743616580
930o4   0       0.39615468116624072409  0.68110636687743616580
930o5   0       0.39615468116624072409  0.68110636687743616580
930o6   0       0.39615468116624072409  0.68110636687743616580
931a1   0       0.35629078766505732203  0.51217761332467446173
931b1   0       0.24376075254063526591  0.68954170278045595754
931b2   0       0.24376075254063526591  0.68954170278045595754
931b3   0       0.24376075254063526591  0.68954170278045595754
931c1   0       0.24831070258829011297  0.66601401375283703782
933a1   1       1.4923144392277868231   1.6917569097764334296
933b1   1       1.8197046872528066687   1.7605965106481323810
934a1   1       1.7650976154447335539   1.7087104470394266691
934b1   0       0.48318943137831577462  0.47416665982767623673
934b2   0       0.48318943137831577462  0.47416665982767623673
934c1   0       0.58721478786536342864  0.34698823679287282219
935a1   1       1.5859758166297680997   1.7736327565007529477
935b1   0       0.45109086774434028883  0.51326487475036865103
935b2   0       0.45109086774434028883  0.51326487475036865103
936a1   1       1.6013612042218365521   1.7998465004044970389
936a2   1       1.6013612042218365521   1.7998465004044970389
936b1   0       0.64955580455141948463  0.46735099316711674660
936c1   0       0.55083645549379979036  0.30489129862556187917
936c2   0       0.55083645549379979036  0.30489129862556187917
936d1   0       0.57523234959746444308  0.41975512370542187556
936d2   0       0.57523234959746444308  0.41975512370542187556
936e1   1       1.6823339116473182160   1.8217961972479494558
936e2   1       1.6823339116473182160   1.8217961972479494558
936e3   1       1.6823339116473182160   1.8217961972479494558
936e4   1       1.6823339116473182160   1.8217961972479494558
936f1   0       0.37441333135342062380  0.49540671954743676715
936f2   0       0.37441333135342062380  0.49540671954743676715
936g1   1       1.5241737503661200692   1.5578923165656317412
936g2   1       1.5241737503661200692   1.5578923165656317412
936h1   1       1.8206523859621961318   1.6337942069965417931
936h2   1       1.8206523859621961318   1.6337942069965417931
936i1   0       0.70139432068439778280  0.58783027053387458345
936i2   0       0.70139432068439778280  0.58783027053387458345
936i3   0       0.70139432068439778280  0.58783027053387458345
936i4   0       0.70139432068439778280  0.58783027053387458345
938a1   1       1.6482137719855968984   1.7397872222267869926
938b1   1       1.7684466152931860147   1.6961363868048549991
938b2   1       1.7684466152931860147   1.6961363868048549991
938c1   1       1.7462493968434532134   1.7133435405727468150
938d1   0       0.72984716486487182729  0.47119755808906064915
938d2   0       0.72984716486487182729  0.47119755808906064915
938d3   0       0.72984716486487182729  0.47119755808906064915
939a1   1       1.7053373239635403377   1.6065945031415888352
939b1   1       1.9190434282002416451   1.6932379494578951058
939b2   1       1.9190434282002416451   1.6932379494578951058
939c1   1       1.6724509561517576591   1.8272114652891288640
940a1   0       0.64051917664631157292  0.22701809945597795663
940b1   0       0.36252091454242637044  0.67882723024637043560
940c1   1       1.6395048560368376564   1.5182133288458535359
940c2   1       1.6395048560368376564   1.5182133288458535359
940d1   1       1.8002848119157583673   1.6470510855222338718
940e1   0       0.38369692807086269404  0.79716753721884523496
942a1   0       0.43841807411434817769  0.55629577203496871726
942b1   0       0.36443542839606732461  0.77222192004654482518
942c1   1       1.7374821972894104773   1.8081394338376453090
942d1   1       2.0531066943083866417   1.8792592688667121792
943a1   0       0.33897412744305803083  0.64600105626297670513
943a2   0       0.33897412744305803083  0.64600105626297670513
944a1   1       1.5893999843475423419   1.4789883064160190132
944b1   1       1.6559291783222806827   1.5785455743091877828
944c1   1       1.8644356348006235597   1.6746895713129901110
944d1   0       0.34814476539413356330  0.66872451948735550774
944e1   2       2.8179002047311898725   2.6862844360536128348
944f1   0       0.53893949219721120187  0.43971451023643071104
944g1   0       0.70021869468859064509  0.63245595402151258370
944h1   1       1.9572668776095805620   1.8132970637461149592
944h2   1       1.9572668776095805620   1.8132970637461149592
944i1   1       1.6878835889985564889   1.7534622221514861728
944j1   1       1.7472125734989153932   1.5792469656826063682
944j2   1       1.7472125734989153932   1.5792469656826063682
944k1   1       1.8104202288034215898   1.7562416926536070773
946a1   0       0.42418895881000529640  0.60351315988292781459
946a2   0       0.42418895881000529640  0.60351315988292781459
946a3   0       0.42418895881000529640  0.60351315988292781459
946a4   0       0.42418895881000529640  0.60351315988292781459
946b1   1       1.8235645032026312299   1.8082897107268101824
946b2   1       1.8235645032026312299   1.8082897107268101824
946c1   0       0.62772346164625363159  0.31860001299692331044
948a1   0       0.37374188660901115146  0.60467522293754197396
948a2   0       0.37374188660901115146  0.60467522293754197396
948b1   0       0.45529237055449399584  0.47627634227571016368
948c1   0       0.61231779723394027023  0.36943818503084716919
948c2   0       0.61231779723394027023  0.36943818503084716919
950a1   1       1.6869942035551003592   1.6397702365428294785
950a2   1       1.6869942035551003592   1.6397702365428294785
950b1   0       0.45412404504657475237  0.41176733003952484207
950b2   0       0.45412404504657475237  0.41176733003952484207
950c1   0       0.69349754383413497485  0.65997031834422822077
950d1   0       0.43882605161692945698  0.77006171499718575088
950e1   1       1.7766375047582607464   1.7537399028699165286
950e2   1       1.7766375047582607464   1.7537399028699165286
950e3   1       1.7766375047582607464   1.7537399028699165286
954a1   1       1.7373056134258268952   1.7672693727131598769
954b1   0       0.48519149501215905713  0.75349130765369602410
954b2   0       0.48519149501215905713  0.75349130765369602410
954c1   0       0.57497669621060041409  0.61654477339790025126
954d1   1       1.7033176351688173894   1.8023968635221220120
954e1   1       1.8273658965247756418   1.5718010144051571488
954e2   1       1.8273658965247756418   1.5718010144051571488
954f1   1       1.6342696903346519317   1.6118975955179581669
954f2   1       1.6342696903346519317   1.6118975955179581669
954g1   0       0.62039382033260239139  0.61647893834372541088
954g2   0       0.62039382033260239139  0.61647893834372541088
954h1   1       1.8360340495820407415   1.5515909441747667276
954i1   1       1.8987985689077299048   1.7265168921737857073
954j1   1       1.6870374510480152675   1.5082623378518857557
954k1   0       0.36277258088317474590  0.70883079831823944507
954k2   0       0.36277258088317474590  0.70883079831823944507
954l1   0       0.51648674236716021914  0.62502459171662877084
954m1   0       0.53211583020502023671  0.54255159287101508489
955a1   0       0.66982319758919796013  0.34762184819213385970
955a2   0       0.66982319758919796013  0.34762184819213385970
956a1   0       0.59277891049362984924  0.29831684511176788524
957a1   0       0.57086406998693741168  0.30340972270160305773
957a2   0       0.57086406998693741168  0.30340972270160305773
960a1   1       1.7019644139063078953   1.6034866968967868186
960a2   1       1.7019644139063078953   1.6034866968967868186
960a3   1       1.7019644139063078953   1.6034866968967868186
960a4   1       1.7019644139063078953   1.6034866968967868186
960b1   1       1.7517174092032621256   1.6174010156928988588
960b2   1       1.7517174092032621256   1.6174010156928988588
960b3   1       1.7517174092032621256   1.6174010156928988588
960b4   1       1.7517174092032621256   1.6174010156928988588
960b5   1       1.7517174092032621256   1.6174010156928988588
960b6   1       1.7517174092032621256   1.6174010156928988588
960c1   0       0.66818430355057876754  0.28729932813372633314
960c2   0       0.66818430355057876754  0.28729932813372633314
960c3   0       0.66818430355057876754  0.28729932813372633314
960c4   0       0.66818430355057876754  0.28729932813372633314
960d1   0       0.86420538789550304243  0.40332658716454312828
960d2   0       0.86420538789550304243  0.40332658716454312828
960d3   0       0.86420538789550304243  0.40332658716454312828
960d4   0       0.86420538789550304243  0.40332658716454312828
960e1   0       0.28868104320951511994  0.45508165400103004140
960e2   0       0.28868104320951511994  0.45508165400103004140
960e3   0       0.28868104320951511994  0.45508165400103004140
960e4   0       0.28868104320951511994  0.45508165400103004140
960e5   0       0.28868104320951511994  0.45508165400103004140
960e6   0       0.28868104320951511994  0.45508165400103004140
960e7   0       0.28868104320951511994  0.45508165400103004140
960e8   0       0.28868104320951511994  0.45508165400103004140
960f1   0       0.72893001885569674672  0.56110706956037249480
960f2   0       0.72893001885569674672  0.56110706956037249480
960f3   0       0.72893001885569674672  0.56110706956037249480
960f4   0       0.72893001885569674672  0.56110706956037249480
960g1   0       0.59809955688078164022  0.27743974111573798664
960g2   0       0.59809955688078164022  0.27743974111573798664
960g3   0       0.59809955688078164022  0.27743974111573798664
960g4   0       0.59809955688078164022  0.27743974111573798664
960g5   0       0.59809955688078164022  0.27743974111573798664
960g6   0       0.59809955688078164022  0.27743974111573798664
960g7   0       0.59809955688078164022  0.27743974111573798664
960g8   0       0.59809955688078164022  0.27743974111573798664
960h1   1       1.9960800282370921688   1.9263805691108412160
960h2   1       1.9960800282370921688   1.9263805691108412160
960h3   1       1.9960800282370921688   1.9263805691108412160
960h4   1       1.9960800282370921688   1.9263805691108412160
960i1   0       0.22546678565013681067  0.36027911323646230150
960i2   0       0.22546678565013681067  0.36027911323646230150
960i3   0       0.22546678565013681067  0.36027911323646230150
960i4   0       0.22546678565013681067  0.36027911323646230150
960i5   0       0.22546678565013681067  0.36027911323646230150
960i6   0       0.22546678565013681067  0.36027911323646230150
960i7   0       0.22546678565013681067  0.36027911323646230150
960i8   0       0.22546678565013681067  0.36027911323646230150
960j1   0       0.54906698525653994549  0.72554597159409336498
960j2   0       0.54906698525653994549  0.72554597159409336498
960j3   0       0.54906698525653994549  0.72554597159409336498
960j4   0       0.54906698525653994549  0.72554597159409336498
960k1   1       1.8090358631325616829   1.8438579845369618618
960k2   1       1.8090358631325616829   1.8438579845369618618
960k3   1       1.8090358631325616829   1.8438579845369618618
960k4   1       1.8090358631325616829   1.8438579845369618618
960l1   1       1.8007128938301185525   1.6286313834890470160
960l2   1       1.8007128938301185525   1.6286313834890470160
960l3   1       1.8007128938301185525   1.6286313834890470160
960l4   1       1.8007128938301185525   1.6286313834890470160
960l5   1       1.8007128938301185525   1.6286313834890470160
960l6   1       1.8007128938301185525   1.6286313834890470160
960m1   1       1.7154127283281564738   1.7465156280043663499
960m2   1       1.7154127283281564738   1.7465156280043663499
960m3   1       1.7154127283281564738   1.7465156280043663499
960m4   1       1.7154127283281564738   1.7465156280043663499
960n1   0       0.48745894460437504871  0.35459123176652110416
960n2   0       0.48745894460437504871  0.35459123176652110416
960n3   0       0.48745894460437504871  0.35459123176652110416
960n4   0       0.48745894460437504871  0.35459123176652110416
960o1   0       0.54514315906524390625  0.84987702989959251555
960o2   0       0.54514315906524390625  0.84987702989959251555
960o3   0       0.54514315906524390625  0.84987702989959251555
960o4   0       0.54514315906524390625  0.84987702989959251555
960o5   0       0.54514315906524390625  0.84987702989959251555
960o6   0       0.54514315906524390625  0.84987702989959251555
960o7   0       0.54514315906524390625  0.84987702989959251555
960o8   0       0.54514315906524390625  0.84987702989959251555
960p1   0       0.86537764863467696921  0.75051749249872297272
960p2   0       0.86537764863467696921  0.75051749249872297272
960p3   0       0.86537764863467696921  0.75051749249872297272
960p4   0       0.86537764863467696921  0.75051749249872297272
962a1   0       0.48279866141428912361  0.55562487864316119601
962a2   0       0.48279866141428912361  0.55562487864316119601
964a1   0       0.21342949385196940879  0.62308104668703859201
965a1   0       0.66076910931668986232  0.53378532657385653802
965a2   0       0.66076910931668986232  0.53378532657385653802
966a1   1       1.4610593186619072967   1.6770115552416854728
966a2   1       1.4610593186619072967   1.6770115552416854728
966b1   0       0.43242214581805625118  0.47402265054316288550
966c1   1       1.8058158421204120882   1.5648707887562213579
966c2   1       1.8058158421204120882   1.5648707887562213579
966d1   1       1.4083855405130870165   1.8648419888682586566
966d2   1       1.4083855405130870165   1.8648419888682586566
966e1   1       1.5885150672068756054   1.8424582491753351399
966e2   1       1.5885150672068756054   1.8424582491753351399
966f1   0       0.91023585629659280264  0.43400658422802063326
966f2   0       0.91023585629659280264  0.43400658422802063326
966f3   0       0.91023585629659280264  0.43400658422802063326
966f4   0       0.91023585629659280264  0.43400658422802063326
966g1   1       1.6950920256948590654   1.7633083611580677336
966g2   1       1.6950920256948590654   1.7633083611580677336
966g3   1       1.6950920256948590654   1.7633083611580677336
966g4   1       1.6950920256948590654   1.7633083611580677336
966g5   1       1.6950920256948590654   1.7633083611580677336
966g6   1       1.6950920256948590654   1.7633083611580677336
966h1   0       0.66728975156480079128  0.43668201273705873215
966i1   0       0.56336521593723805832  0.60516453546628969936
966i2   0       0.56336521593723805832  0.60516453546628969936
966i3   0       0.56336521593723805832  0.60516453546628969936
966i4   0       0.56336521593723805832  0.60516453546628969936
966j1   0       0.52657148886935963899  0.33931395580571910133
966k1   0       0.80354444043777740272  0.46352232342055892391
966k2   0       0.80354444043777740272  0.46352232342055892391
968a1   1       1.7679250475396109017   1.5001179367293540699
968b1   0       0.59064324058717003733  0.52674303689237946124
968c1   0       0.36512974025378981336  0.57161614456022622021
968d1   1       1.8140996648080665886   1.5861295952953329050
968e1   1       1.8508673482226842920   1.6984567702543934558
969a1   0       0.39524605329398011966  0.72264679944353075437
969a2   0       0.39524605329398011966  0.72264679944353075437
970a1   0       0.63943224324643133491  0.62535934059323378940
970b1   0       0.34085503126791542231  0.76875348856163004471
972a1   0       0.19316398623930340810  0.67551006497009108671
972a2   0       0.19316398623930340810  0.67551006497009108671
972b1   0       0.90320447261190789512  0.43862633376717069368
972b2   0       0.90320447261190789512  0.43862633376717069368
972c1   1       1.6190181970416112711   1.7915620582478123750
972c2   1       1.6190181970416112711   1.7915620582478123750
972d1   1       1.7789477701009347565   1.7156054885015707210
972d2   1       1.7789477701009347565   1.7156054885015707210
973a1   0       0.28674358862439052985  0.57796231812582361815
973b1   1       1.5436540299203663297   1.9144949062397845454
973b2   1       1.5436540299203663297   1.9144949062397845454
973b3   1       1.5436540299203663297   1.9144949062397845454
974a1   0       0.17737116704037953311  0.48977336251786984167
974b1   0       -0.037122858402246901454        0.078067329331166626612
974c1   0       0.53623040779891717523  0.37551045233002532716
974c2   0       0.53623040779891717523  0.37551045233002532716
974d1   0       0.38455490039073086459  0.74119080065875712022
974e1   1       1.7261120888051992513   1.6882872286759558391
974f1   1       1.6171099955603470345   1.6684445583087213032
974g1   1       2.0197332460754733707   1.7980888660628063886
974h1   1       1.7643477972307226689   1.7675157403825299108
975a1   1       1.6923681966946418602   1.7659659432515143326
975a2   1       1.6923681966946418602   1.7659659432515143326
975a3   1       1.6923681966946418602   1.7659659432515143326
975a4   1       1.6923681966946418602   1.7659659432515143326
975a5   1       1.6923681966946418602   1.7659659432515143326
975a6   1       1.6923681966946418602   1.7659659432515143326
975a7   1       1.6923681966946418602   1.7659659432515143326
975a8   1       1.6923681966946418602   1.7659659432515143326
975b1   1       1.3622641609454792272   1.7727637732803727019
975c1   0       0.32714631331407942529  0.68892557679672390825
975d1   0       0.32559647084262025493  0.66396051159860428066
975e1   0       0.40869291122440065554  0.26851353650991553467
975f1   1       1.7043448880876618490   1.6104067938514436575
975g1   0       0.66211459166263206062  0.40705843795459542319
975g2   0       0.66211459166263206062  0.40705843795459542319
975g3   0       0.66211459166263206062  0.40705843795459542319
975g4   0       0.66211459166263206062  0.40705843795459542319
975h1   1       1.8932036192459791926   1.7340954692914111321
975i1   1       1.9443101252905727924   1.6113253463308711264
975j1   1       1.7245335658604371449   1.8552098111215430745
975k1   1       1.7544086602678076795   1.5721020986685434462
976a1   0       0.59241507602412763676  0.54358336094288334449
976b1   0       0.54533969619434471505  0.56862954761458919047
976c1   1       1.8869181755496123810   1.8046657225089839874
978a1   0       0.39490980213052717226  0.56860716583294139350
978b1   0       0.31695040217690343854  0.40395910738942726530
978b2   0       0.31695040217690343854  0.40395910738942726530
978c1   0       -0.32959914642129139698 0.21909024160709778360
978d1   0       0.81552676297236613989  0.26118116342928484167
978e1   1       1.7578298586893568002   1.5339571009745863741
978f1   1       1.8206321785231751966   1.7483178930482533258
978g1   1       1.8606188359449676071   1.8965281312038133049
978h1   0       0.47028769377937916278  0.77227134488730200197
978h2   0       0.47028769377937916278  0.77227134488730200197
979a1   0       0.59719838110076485869  0.31664553711432820357
979b1   1       1.8030876455680426971   1.6536979352317043272
979b2   1       1.8030876455680426971   1.6536979352317043272
980a1   0       0.54907059254012789882  0.36018741376544744820
980a2   0       0.54907059254012789882  0.36018741376544744820
980b1   0       0.57104877002506072925  0.85261840592046181349
980c1   1       1.6686013091443628083   1.5340115747427027022
980d1   1       1.8141093456394861194   1.6461602083578154345
980d2   1       1.8141093456394861194   1.6461602083578154345
980e1   0       0.15676962070561586675  0.68024135825599072753
980f1   0       0.15029437768265792505  0.71807664940938958235
980f2   0       0.15029437768265792505  0.71807664940938958235
980g1   0       0.63430605150548675471  0.79709219377393240303
980g2   0       0.63430605150548675471  0.79709219377393240303
980g3   0       0.63430605150548675471  0.79709219377393240303
980g4   0       0.63430605150548675471  0.79709219377393240303
980h1   0       0.56153697445389951383  0.39506606889240401100
980i1   0       0.86773524257226291602  0.40629959041856444126
981a1   1       1.6694405600618392268   1.6779633836649831886
981b1   1       1.4709677631160487462   1.8080375779140926742
982a1   1       1.6974616149559790400   1.7796231512042184291
984a1   0       0.43095082078257879752  0.23148489914185731346
984b1   0       0.48889762059876231652  0.27345631470432225882
984c1   1       1.7241224185349529897   1.6266629223376199194
984d1   1       1.8644438279406393018   1.8143251047718495872
985a1   0       0.75704363249520739454  0.36243893580477491421
985b1   1       1.7368970709465595998   1.6214644927897955029
986a1   0       0.19453663569494371100  0.61257671829082342284
986a2   0       0.19453663569494371100  0.61257671829082342284
986b1   1       1.6591613216048991593   1.6636146241490502724
986c1   1       1.4985865416435114635   1.8561419238237665570
986c2   1       1.4985865416435114635   1.8561419238237665570
986d1   1       2.0508559826552497633   1.8324321191529167915
986e1   1       1.6652471035166866092   1.8228455507286011792
986f1   1       1.9502182738795008462   1.7773428800296904769
987a1   0       0.52553471310588747060  0.43188473658624974239
987a2   0       0.52553471310588747060  0.43188473658624974239
987b1   0       0.34468385677220898034  0.12215709303373994193
987b2   0       0.34468385677220898034  0.12215709303373994193
987b3   0       0.34468385677220898034  0.12215709303373994193
987b4   0       0.34468385677220898034  0.12215709303373994193
987c1   0       0.57130284645347199789  0.35958958658435766666
987d1   0       0.43126338769782349843  0.47656421264701394756
987e1   1       1.7618899782924300931   1.6380967894468611365
987e2   1       1.7618899782924300931   1.6380967894468611365
988a1   0       0.73858610574362861943  0.28577795667931292415
988b1   1       1.6277397807694099620   1.6571617165693348570
988c1   1       1.7562931291243819139   1.6545117706189430096
988d1   0       0.58560310629291380788  0.51544229339631374234
988d2   0       0.58560310629291380788  0.51544229339631374234
989a1   0       0.56155501723879794097  0.37535053185949213299
990a1   1       1.4926022635426901493   1.4064610970303074052
990a2   1       1.4926022635426901493   1.4064610970303074052
990b1   0       0.37005311509304223766  0.31052900425439977672
990b2   0       0.37005311509304223766  0.31052900425439977672
990b3   0       0.37005311509304223766  0.31052900425439977672
990b4   0       0.37005311509304223766  0.31052900425439977672
990c1   0       0.29075870577784943933  0.50231115110620443974
990c2   0       0.29075870577784943933  0.50231115110620443974
990c3   0       0.29075870577784943933  0.50231115110620443974
990c4   0       0.29075870577784943933  0.50231115110620443974
990c5   0       0.29075870577784943933  0.50231115110620443974
990c6   0       0.29075870577784943933  0.50231115110620443974
990d1   0       0.23975024567235237121  0.48739524477341506252
990d2   0       0.23975024567235237121  0.48739524477341506252
990e1   1       1.5965387661244064948   1.5001028170056036895
990e2   1       1.5965387661244064948   1.5001028170056036895
990e3   1       1.5965387661244064948   1.5001028170056036895
990e4   1       1.5965387661244064948   1.5001028170056036895
990e5   1       1.5965387661244064948   1.5001028170056036895
990e6   1       1.5965387661244064948   1.5001028170056036895
990f1   0       0.50225074678997151421  0.70381831088344911229
990f2   0       0.50225074678997151421  0.70381831088344911229
990g1   0       0.64928668978196509138  0.22262553825979494407
990g2   0       0.64928668978196509138  0.22262553825979494407
990g3   0       0.64928668978196509138  0.22262553825979494407
990g4   0       0.64928668978196509138  0.22262553825979494407
990h1   1       1.8335860255919246169   1.8016580946671369385
990h2   1       1.8335860255919246169   1.8016580946671369385
990h3   1       1.8335860255919246169   1.8016580946671369385
990h4   1       1.8335860255919246169   1.8016580946671369385
990i1   0       0.60859976460716237425  0.69701663322586191429
990i2   0       0.60859976460716237425  0.69701663322586191429
990j1   1       1.9360604709087963057   1.7317918309121865611
990j2   1       1.9360604709087963057   1.7317918309121865611
990j3   1       1.9360604709087963057   1.7317918309121865611
990j4   1       1.9360604709087963057   1.7317918309121865611
990k1   0       0.58657170786703609675  0.62149832537567719333
990k2   0       0.58657170786703609675  0.62149832537567719333
990k3   0       0.58657170786703609675  0.62149832537567719333
990k4   0       0.58657170786703609675  0.62149832537567719333
990l1   0       0.58839127328655550198  0.64308098911558523355
990l2   0       0.58839127328655550198  0.64308098911558523355
994a1   1       1.6984519366840850805   1.7179400981845063889
994b1   0       0.25571180549382323833  0.20880189111921589655
994b2   0       0.25571180549382323833  0.20880189111921589655
994c1   0       0.43333872776828548831  0.33395563195685057471
994c2   0       0.43333872776828548831  0.33395563195685057471
994d1   1       1.5721536464402235835   1.6670505899518995431
994d2   1       1.5721536464402235835   1.6670505899518995431
994e1   0       0.58054470172410155818  0.34362225470231586048
994e2   0       0.58054470172410155818  0.34362225470231586048
994f1   1       1.8379773673210802783   1.7002159881073339352
994f2   1       1.8379773673210802783   1.7002159881073339352
994f3   1       1.8379773673210802783   1.7002159881073339352
994f4   1       1.8379773673210802783   1.7002159881073339352
994g1   1       1.7327918798531581159   1.8379992434159586540
994g2   1       1.7327918798531581159   1.8379992434159586540
994g3   1       1.7327918798531581159   1.8379992434159586540
994g4   1       1.7327918798531581159   1.8379992434159586540
995a1   0       0.31484411903706777652  0.64110019710378793756
995a2   0       0.31484411903706777652  0.64110019710378793756
995b1   1       1.6259970245550120781   1.6032447088370219842
995b2   1       1.6259970245550120781   1.6032447088370219842
996a1   0       0.38955573931450653564  0.72750112647161930987
996a2   0       0.38955573931450653564  0.72750112647161930987
996b1   1       1.6882887650081872922   1.5203214706594112111
996c1   1       1.5007214972876357061   1.5792195544723768948
996c2   1       1.5007214972876357061   1.5792195544723768948
997a1   1       1.5400261262728764823   1.7885496207472195459
997b1   2       2.9939847920096828394   2.8929057451877434104
997c1   2       2.9112025733592781153   2.7243831548722726170
999a1   1       1.5923988765604418960   1.6800904901703024775
999b1   1       1.5307414968419253485   1.8950659627340034154


