
Name    Rank    N=10^5  N=10^6

701a1   0       0.44973923376759604060  0.48158990909541440311
702a1   1       1.6413020638757981630   1.8236572415598354538
702b1   1       1.8353505606204576781   1.6408462498159307293
702c1   0       0.54734577138258996625  0.45252495277984079461
702d1   0       0.51367535082789875883  0.71491348385960412320
702e1   0       0.53817295157138437360  0.39954253306539201765
702e2   0       0.53817295157138437360  0.39954253306539201765
702e3   0       0.53817295157138437360  0.39954253306539201765
702f1   0       0.34427059300963523866  0.61258249970860393535
702g1   0       0.38427695583163586097  0.53115364564901691469
702h1   1       1.6146155854204882338   1.7719150274231943734
702h2   1       1.6146155854204882338   1.7719150274231943734
702h3   1       1.6146155854204882338   1.7719150274231943734
702i1   0       0.46225985139616909908  0.45404592586963814774
702j1   0       0.54071361825836729037  0.45466536184530713958
702k1   1       1.9133430771915137600   1.8485409825084184361
702l1   1       1.8556166150308999453   1.7281675718653603773
702m1   1       1.9639627669123888677   1.8511830233082182741
702n1   0       0.54013281626535598063  0.62509682775809201552
702n2   0       0.54013281626535598063  0.62509682775809201552
702n3   0       0.54013281626535598063  0.62509682775809201552
702o1   0       0.84988233406376289102  0.65224595843045129914
702p1   0       0.53635278299139635093  0.47837147198297919427
702p2   0       0.53635278299139635093  0.47837147198297919427
702p3   0       0.53635278299139635093  0.47837147198297919427
703a1   0       0.68635971519800079023  0.40730801631128685263
703b1   1       1.6185207477952653270   1.7996654457377351256
704a1   1       1.8033138346908216487   1.7397634050436402851
704a2   1       1.8033138346908216487   1.7397634050436402851
704a3   1       1.8033138346908216487   1.7397634050436402851
704b1   1       1.5250296953732931507   1.6249485331714995666
704c1   0       0.72109017586722853566  0.46593826935121541698
704d1   0       0.56808118817679618664  0.55312589477928518205
704d2   0       0.56808118817679618664  0.55312589477928518205
704e1   0       0.54688970058876476615  0.41888282862929436609
704f1   0       0.67007220083104782024  0.60297331812043973274
704f2   0       0.67007220083104782024  0.60297331812043973274
704g1   0       0.34511046775575956363  0.63988552252635798509
704h1   0       0.56454023249501478566  0.59129772861398295601
704i1   0       0.58433711611770534077  0.75121117627005107462
704j1   1       1.8863515615895716640   1.5922092062168961335
704k1   1       1.7824820668403628167   1.8599255488712672752
704k2   1       1.7824820668403628167   1.8599255488712672752
704k3   1       1.7824820668403628167   1.8599255488712672752
704l1   1       1.5627678582744199378   1.9073880233160003072
705a1   1       1.7415141681356100289   1.5044783465542736381
705b1   1       1.5625207749754826220   1.7395372291925193332
705c1   0       0.76414274178415371860  0.62620184430678646174
705c2   0       0.76414274178415371860  0.62620184430678646174
705d1   1       1.6065684803779148213   1.7182362530006434572
705e1   1       1.9301773818070484813   1.9226829724218780753
705f1   0       0.43144556778505081846  0.62280474266331813688
705f2   0       0.43144556778505081846  0.62280474266331813688
705f3   0       0.43144556778505081846  0.62280474266331813688
705f4   0       0.43144556778505081846  0.62280474266331813688
706a1   1       1.5937565167069681077   1.6195769007710496366
706b1   1       1.7457074061577820484   1.8397695089782045840
706c1   1       1.8207472659828021704   1.6332400122155111669
706c2   1       1.8207472659828021704   1.6332400122155111669
706d1   1       1.8651954553348897554   1.5431593561067470535
706d2   1       1.8651954553348897554   1.5431593561067470535
707a1   2       2.9667851863614809462   2.8320852212621089943
708a1   0       0.29626362459561510695  0.49060797213891501498
708a2   0       0.29626362459561510695  0.49060797213891501498
709a1   2       2.7761831704554141249   2.8744245033139354812
710a1   1       1.8234397597295609717   1.6427385168446691923
710b1   1       1.8925448717836819869   1.6445079789903043413
710c1   1       1.7339109001230589240   1.7451021790129321658
710d1   0       0.61044554865132869848  0.70619682294235193418
710d2   0       0.61044554865132869848  0.70619682294235193418
711a1   1       1.9410476676583135463   1.5247265398921123397
711b1   1       1.9874390461581117816   1.6155302781601415039
711c1   0       0.46457629294030595851  0.58077776386830203375
712a1   0       0.34529918078069306319  0.55763086233730390648
712a2   0       0.34529918078069306319  0.55763086233730390648
713a1   1       1.6746554241678226865   1.8302761836137321968
714a1   1       1.5690625554368967776   1.6076151803974313958
714a2   1       1.5690625554368967776   1.6076151803974313958
714b1   0       0.23179514792287102665  0.73808210912986733642
714c1   0       0.52038407868331554867  0.68221806712649585204
714d1   1       1.7445430992670952059   1.5387452461480375617
714d2   1       1.7445430992670952059   1.5387452461480375617
714e1   0       0.36128045540000213655  0.56317356154824754008
714f1   1       1.8027538511924128585   1.6024828864259082082
714f2   1       1.8027538511924128585   1.6024828864259082082
714f3   1       1.8027538511924128585   1.6024828864259082082
714f4   1       1.8027538511924128585   1.6024828864259082082
714g1   0       0.48959061180994241336  0.52185767647914128289
714g2   0       0.48959061180994241336  0.52185767647914128289
714g3   0       0.48959061180994241336  0.52185767647914128289
714g4   0       0.48959061180994241336  0.52185767647914128289
714g5   0       0.48959061180994241336  0.52185767647914128289
714g6   0       0.48959061180994241336  0.52185767647914128289
714h1   0       0.33443505563705692579  0.71647784867605342978
714i1   0       0.52524935866304110589  0.74450887192443934300
714i2   0       0.52524935866304110589  0.74450887192443934300
714i3   0       0.52524935866304110589  0.74450887192443934300
715a1   1       1.8029332958147407894   1.6989274319206895210
715a2   1       1.8029332958147407894   1.6989274319206895210
715b1   1       2.0862657405126749805   1.5349359802886504242
718a1   0       0.20264639497533708549  0.51123310135410958357
718b1   2       2.9694555576085218492   2.8964769663826189363
718c1   1       1.8734305685158084592   1.7848847285495645285
720a1   1       1.6556682596943648035   1.6951958266585454908
720a2   1       1.6556682596943648035   1.6951958266585454908
720b1   0       0.89337878034773063084  0.53846568350287533809
720b2   0       0.89337878034773063084  0.53846568350287533809
720c1   0       0.44100692658784407425  0.74135881789098075480
720c2   0       0.44100692658784407425  0.74135881789098075480
720c3   0       0.44100692658784407425  0.74135881789098075480
720c4   0       0.44100692658784407425  0.74135881789098075480
720c5   0       0.44100692658784407425  0.74135881789098075480
720c6   0       0.44100692658784407425  0.74135881789098075480
720d1   0       0.47368402377986495137  0.34477808342375255926
720d2   0       0.47368402377986495137  0.34477808342375255926
720d3   0       0.47368402377986495137  0.34477808342375255926
720d4   0       0.47368402377986495137  0.34477808342375255926
720e1   1       1.7885472255865750062   1.6876313272297617353
720e2   1       1.7885472255865750062   1.6876313272297617353
720e3   1       1.7885472255865750062   1.6876313272297617353
720e4   1       1.7885472255865750062   1.6876313272297617353
720f1   0       0.46177828487699995969  0.60773344466581841638
720f2   0       0.46177828487699995969  0.60773344466581841638
720f3   0       0.46177828487699995969  0.60773344466581841638
720f4   0       0.46177828487699995969  0.60773344466581841638
720g1   1       1.7576596938523641503   1.7116337661647695632
720g2   1       1.7576596938523641503   1.7116337661647695632
720g3   1       1.7576596938523641503   1.7116337661647695632
720g4   1       1.7576596938523641503   1.7116337661647695632
720h1   1       1.7268428628852876341   1.6646783853883670133
720h2   1       1.7268428628852876341   1.6646783853883670133
720h3   1       1.7268428628852876341   1.6646783853883670133
720h4   1       1.7268428628852876341   1.6646783853883670133
720h5   1       1.7268428628852876341   1.6646783853883670133
720h6   1       1.7268428628852876341   1.6646783853883670133
720h7   1       1.7268428628852876341   1.6646783853883670133
720h8   1       1.7268428628852876341   1.6646783853883670133
720i1   0       0.62539530377982989222  0.60265536624356346955
720i2   0       0.62539530377982989222  0.60265536624356346955
720i3   0       0.62539530377982989222  0.60265536624356346955
720i4   0       0.62539530377982989222  0.60265536624356346955
720j1   0       0.53912181716521857726  0.54525643966953537373
720j2   0       0.53912181716521857726  0.54525643966953537373
720j3   0       0.53912181716521857726  0.54525643966953537373
720j4   0       0.53912181716521857726  0.54525643966953537373
720j5   0       0.53912181716521857726  0.54525643966953537373
720j6   0       0.53912181716521857726  0.54525643966953537373
720j7   0       0.53912181716521857726  0.54525643966953537373
720j8   0       0.53912181716521857726  0.54525643966953537373
722a1   1       1.5374857527278972972   1.6544413868496193585
722a2   1       1.5374857527278972972   1.6544413868496193585
722b1   1       1.5932339912096117483   1.7792211364308916929
722c1   0       0.046725428818749445056 0.63685897135363374975
722c2   0       0.046725428818749445056 0.63685897135363374975
722d1   0       0.38318409551853695482  0.60348314386468286404
722e1   1       1.7470897357436510670   1.7949613520257353324
722e2   1       1.7470897357436510670   1.7949613520257353324
722e3   1       1.7470897357436510670   1.7949613520257353324
722f1   1       2.0196431760541002560   1.7716349528956650422
722f2   1       2.0196431760541002560   1.7716349528956650422
723a1   1       1.5114586616321649749   1.7538966053939961455
723a2   1       1.5114586616321649749   1.7538966053939961455
723b1   1       1.6950782299869147266   1.6371222048956027723
725a1   1       1.6924916890820990886   1.8166655586350834748
725a2   1       1.6924916890820990886   1.8166655586350834748
726a1   1       1.7599061500827164898   1.5944345565716444551
726a2   1       1.7599061500827164898   1.5944345565716444551
726b1   0       0.30514917257052968687  0.56958420215653894022
726c1   0       0.50168711270307207676  0.21650454522436581638
726c2   0       0.50168711270307207676  0.21650454522436581638
726c3   0       0.50168711270307207676  0.21650454522436581638
726c4   0       0.50168711270307207676  0.21650454522436581638
726d1   1       1.7280287781020186332   1.6955897858694417258
726e1   1       1.7128368918646516830   1.7975000765666263868
726e2   1       1.7128368918646516830   1.7975000765666263868
726e3   1       1.7128368918646516830   1.7975000765666263868
726e4   1       1.7128368918646516830   1.7975000765666263868
726f1   0       0.78715111444824097579  0.39766733701133782652
726f2   0       0.78715111444824097579  0.39766733701133782652
726g1   1       1.6445714687977820624   1.6451387499291556232
726h1   0       0.43113353056088314120  0.70485452270812656124
726h2   0       0.43113353056088314120  0.70485452270812656124
726h3   0       0.43113353056088314120  0.70485452270812656124
726h4   0       0.43113353056088314120  0.70485452270812656124
726i1   0       0.83803389702718583307  0.58080429835658772752
728a1   0       0.39856670698072146210  0.63471062245875794925
728b1   0       0.47158410888390258518  0.40703999637471678913
728c1   1       1.7464522294046698830   1.6602914428993332556
728d1   1       1.8827497550771337721   1.6045017966082642898
730a1   0       0.28442984935289371263  0.23923501915008120088
730a2   0       0.28442984935289371263  0.23923501915008120088
730b1   0       0.17960362514044873389  0.75561415716229839598
730b2   0       0.17960362514044873389  0.75561415716229839598
730c1   0       0.31222467517932344365  0.48637123192561222124
730d1   0       0.46046309961343994710  0.70343885819627435093
730e1   0       0.74854089242977545632  0.46499826254106232215
730f1   1       1.6173278431027786965   1.7450998043894074777
730f2   1       1.6173278431027786965   1.7450998043894074777
730g1   1       1.6559970114348772413   1.8346977191259190728
730h1   0       0.74211579095971152587  0.64872963186972465982
730i1   1       1.8658562966648890236   1.6395863805937743541
730j1   1       1.7050064922688268996   1.8099549821084722889
730k1   0       0.61689523355720864948  0.55992917821800848694
730k2   0       0.61689523355720864948  0.55992917821800848694
731a1   1       1.6656084670079923366   1.5393939859435195037
732a1   0       0.53548102713413053234  0.27115458980390132748
732a2   0       0.53548102713413053234  0.27115458980390132748
732b1   1       1.6606780148661084932   1.6704375073083204735
732c1   1       1.7001073215740491597   1.6844575550479174577
732c2   1       1.7001073215740491597   1.6844575550479174577
733a1   0       0.40293505937564710656  0.57357570209152285439
734a1   0       0.59669700369458161602  0.31351089859913228137
734a2   0       0.59669700369458161602  0.31351089859913228137
735a1   0       0.39707830386378582597  0.56625612686402865397
735a2   0       0.39707830386378582597  0.56625612686402865397
735a3   0       0.39707830386378582597  0.56625612686402865397
735a4   0       0.39707830386378582597  0.56625612686402865397
735b1   0       0.84405774563333533139  0.64096582053916641189
735c1   1       1.9388206281642426533   1.5535808282462553603
735c2   1       1.9388206281642426533   1.5535808282462553603
735d1   0       0.57439415858437807962  0.72700728093298942182
735d2   0       0.57439415858437807962  0.72700728093298942182
735e1   1       1.8880678480677581062   1.6761741332596447745
735e2   1       1.8880678480677581062   1.6761741332596447745
735e3   1       1.8880678480677581062   1.6761741332596447745
735e4   1       1.8880678480677581062   1.6761741332596447745
735e5   1       1.8880678480677581062   1.6761741332596447745
735e6   1       1.8880678480677581062   1.6761741332596447745
735e7   1       1.8880678480677581062   1.6761741332596447745
735e8   1       1.8880678480677581062   1.6761741332596447745
735f1   1       1.8870478386484641192   1.9341759855557703498
737a1   1       1.8178479124307443391   1.7039518007316977699
738a1   1       1.5198084807950611062   1.7445894788291817182
738b1   0       0.34762060119468442637  0.44997398860554714082
738b2   0       0.34762060119468442637  0.44997398860554714082
738c1   0       0.57378649672894526803  0.38151366346755724474
738c2   0       0.57378649672894526803  0.38151366346755724474
738c3   0       0.57378649672894526803  0.38151366346755724474
738c4   0       0.57378649672894526803  0.38151366346755724474
738d1   1       1.6992335402604923628   1.7293855670125004918
738e1   1       1.6450048427351666916   1.7432471130388061413
738f1   1       1.7937178854085851385   1.8027967551474935132
738g1   0       0.44762406946441586500  0.49001920187779946482
738g2   0       0.44762406946441586500  0.49001920187779946482
738h1   0       0.55592032240839597074  0.45376257245735317992
738h2   0       0.55592032240839597074  0.45376257245735317992
738i1   0       0.44915524389915380994  0.64999644425976025357
738i2   0       0.44915524389915380994  0.64999644425976025357
738j1   0       0.58267608016766387237  0.39097112226925624111
738j2   0       0.58267608016766387237  0.39097112226925624111
739a1   0       0.67838389647898146758  0.40570280383283521216
740a1   0       0.34552461208542129377  0.54126242681543956958
740b1   1       1.5726879556718037518   1.5763644150667760048
740b2   1       1.5726879556718037518   1.5763644150667760048
740c1   1       1.5502610235458606715   1.6617851313617053959
741a1   0       0.63133594540170348133  0.59109589398451354149
741b1   0       0.18424906097786486983  0.47527329615059765510
741c1   0       0.54198918966127419088  0.35347227323921824743
741d1   0       0.43402325454498325194  0.46002936690963762141
741e1   1       1.7813113654596443071   1.6680359516410836439
742a1   1       1.6924330328458152214   1.7085030886533270069
742b1   0       0.21805120334578616245  0.56834836190688688128
742b2   0       0.21805120334578616245  0.56834836190688688128
742c1   0       0.76779107913425818271  0.48827446088722121711
742d1   0       0.27209391708853521710  0.64787039323353355683
742e1   1       1.6013860296788892764   1.5885618527840580012
742e2   1       1.6013860296788892764   1.5885618527840580012
742f1   0       0.46926889913828257665  0.30830194122262074262
742g1   1       1.9337127663801347856   1.7196782522554582188
744a1   1       1.5801378968925389475   1.8397801568136308173
744b1   0       0.75689176706946374998  0.55816215035699270978
744b2   0       0.75689176706946374998  0.55816215035699270978
744b3   0       0.75689176706946374998  0.55816215035699270978
744b4   0       0.75689176706946374998  0.55816215035699270978
744c1   1       1.8367279019748568196   1.6503200794737976734
744d1   0       0.47981848865431535423  0.44490158028299481490
744e1   0       0.59664006276613918677  0.46326457893836613591
744f1   1       1.6991262945881901405   1.7385283338285043332
744g1   1       1.7387620119256690378   1.8075941130655418511
747a1   1       1.4805801155087720844   1.6262165355880137053
747a2   1       1.4805801155087720844   1.6262165355880137053
747b1   0       0.65743149459750753056  0.33189424877029085042
747b2   0       0.65743149459750753056  0.33189424877029085042
747c1   1       1.6099047168626201261   1.8033487598760494484
747d1   1       1.7481370256599434431   1.8178878792325280036
747e1   1       1.8386853076698608617   1.7213651886933686113
748a1   0       0.60172487287159707392  0.31497798729828367126
749a1   1       1.9146325924332342212   1.7336421999479689415
752a1   1       1.6074206460477039578   1.4533266008170518339
752a2   1       1.6074206460477039578   1.4533266008170518339
753a1   0       0.39269912635904445326  0.46144976698842553347
753b1   0       0.67354971711756434337  0.27472178443827562294
753b2   0       0.67354971711756434337  0.27472178443827562294
753c1   1       1.7037346726009024352   1.6859553595660402730
754a1   0       0.66264557173767847351  0.32704765991748839283
754a2   0       0.66264557173767847351  0.32704765991748839283
754b1   1       1.7671080444550469879   1.7800254265429743208
754c1   1       1.5008090327442598936   1.8949008239505615900
754c2   1       1.5008090327442598936   1.8949008239505615900
754d1   1       1.6036453821210894410   1.7627280136978634588
755a1   1       1.8179453960279473934   1.5529384125138208531
755b1   1       1.7930782239503854859   1.5941749537326735046
755c1   0       0.41491526498032903181  0.41303954293819754812
755c2   0       0.41491526498032903181  0.41303954293819754812
755d1   0       0.54502821941238488199  0.59699993907104486011
755e1   0       0.58154657701242626898  0.54319445226975558491
755f1   0       0.49214215730747503374  0.55622463184880648662
756a1   0       0.70168088125715312658  0.43945015457882464073
756b1   1       1.5522370175626802834   1.8906534936270707919
756b2   1       1.5522370175626802834   1.8906534936270707919
756c1   1       1.4451834791244880805   1.7454482574943016688
756d1   0       0.55221078118369975816  0.56387683005482596190
756d2   0       0.55221078118369975816  0.56387683005482596190
756e1   0       0.63584203583066124496  0.68507047596888189283
756e2   0       0.63584203583066124496  0.68507047596888189283
756f1   0       0.39999923599051003668  0.60716974669865969512
756f2   0       0.39999923599051003668  0.60716974669865969512
758a1   1       1.5132170974904134152   1.7087946040330823421
758b1   0       0.60639666426590473990  0.48977209205273967610
759a1   1       1.5202882451094230875   1.8648527741557407038
759a2   1       1.5202882451094230875   1.8648527741557407038
759b1   1       1.9426151992935042141   1.6342702616952584744
759b2   1       1.9426151992935042141   1.6342702616952584744
759b3   1       1.9426151992935042141   1.6342702616952584744
759b4   1       1.9426151992935042141   1.6342702616952584744
759b5   1       1.9426151992935042141   1.6342702616952584744
759b6   1       1.9426151992935042141   1.6342702616952584744
760a1   0       0.47518810774762784275  0.56886665768748216934
760a2   0       0.47518810774762784275  0.56886665768748216934
760b1   0       0.54975660351356876984  0.58988188842114723066
760b2   0       0.54975660351356876984  0.58988188842114723066
760c1   0       0.52271365400810700876  0.38248423338584137655
760d1   1       1.8059542102315168394   1.8624278248076503979
760d2   1       1.8059542102315168394   1.8624278248076503979
760e1   1       1.7372775992380843816   1.7066720359467922146
760e2   1       1.7372775992380843816   1.7066720359467922146
760e3   1       1.7372775992380843816   1.7066720359467922146
760e4   1       1.7372775992380843816   1.7066720359467922146
762a1   0       0.56538841491713995625  0.38104710637397588483
762b1   0       0.44558899629663404738  0.59461794842827177150
762c1   1       1.6881278266642833251   1.6659617656045789383
762d1   1       1.8337524088539427533   1.5776249017758233562
762e1   1       1.8375741398923019531   1.5207305789447876246
762f1   0       0.39006257991084629090  0.59119563083199598799
762f2   0       0.39006257991084629090  0.59119563083199598799
762g1   0       0.62697350329126620342  0.72674255062826247844
762g2   0       0.62697350329126620342  0.72674255062826247844
763a1   1       1.9008980718567518142   1.6384136971898167922
765a1   0       0.82932068494049379413  0.43514792224722735185
765a2   0       0.82932068494049379413  0.43514792224722735185
765b1   0       0.69929522705016174320  0.48069209987536487980
765b2   0       0.69929522705016174320  0.48069209987536487980
765c1   1       1.7959059167861942156   1.6414576902825364540
765c2   1       1.7959059167861942156   1.6414576902825364540
766a1   0       0.41926460529333582517  0.61848381230678847085
768a1   1       1.6520418842001244399   1.7462448744278996402
768a2   1       1.6520418842001244399   1.7462448744278996402
768b1   1       1.7567243979056347236   1.7232991993852153360
768b2   1       1.7567243979056347236   1.7232991993852153360
768b3   1       1.7567243979056347236   1.7232991993852153360
768b4   1       1.7567243979056347236   1.7232991993852153360
768c1   0       0.52802086571046133983  0.51131514496852459123
768c2   0       0.52802086571046133983  0.51131514496852459123
768d1   0       0.37239639742558985142  0.63966751049270237685
768d2   0       0.37239639742558985142  0.63966751049270237685
768d3   0       0.37239639742558985142  0.63966751049270237685
768d4   0       0.37239639742558985142  0.63966751049270237685
768e1   0       0.53326912749130027989  0.48659555681781606012
768e2   0       0.53326912749130027989  0.48659555681781606012
768f1   0       0.45444414398533928332  0.58702744418286534807
768f2   0       0.45444414398533928332  0.58702744418286534807
768f3   0       0.45444414398533928332  0.58702744418286534807
768f4   0       0.45444414398533928332  0.58702744418286534807
768g1   1       1.7050940924406983368   1.8151618771170776587
768g2   1       1.7050940924406983368   1.8151618771170776587
768h1   1       1.7723102399385930441   1.5950390406673097874
768h2   1       1.7723102399385930441   1.5950390406673097874
768h3   1       1.7723102399385930441   1.5950390406673097874
768h4   1       1.7723102399385930441   1.5950390406673097874
770a1   0       0.65063583239471116077  0.32977720404591743418
770a2   0       0.65063583239471116077  0.32977720404591743418
770b1   0       0.95788533374918433825  0.45137064442434348501
770b2   0       0.95788533374918433825  0.45137064442434348501
770b3   0       0.95788533374918433825  0.45137064442434348501
770b4   0       0.95788533374918433825  0.45137064442434348501
770c1   0       0.057537747949725237532 0.54499976161071690527
770c2   0       0.057537747949725237532 0.54499976161071690527
770c3   0       0.057537747949725237532 0.54499976161071690527
770c4   0       0.057537747949725237532 0.54499976161071690527
770d1   1       1.6303367786248567558   1.6778859958482359433
770d2   1       1.6303367786248567558   1.6778859958482359433
770e1   1       1.8220382488748342465   1.8227834463631805923
770e2   1       1.8220382488748342465   1.8227834463631805923
770e3   1       1.8220382488748342465   1.8227834463631805923
770e4   1       1.8220382488748342465   1.8227834463631805923
770f1   1       1.6256704229453471679   1.6675135188540197003
770f2   1       1.6256704229453471679   1.6675135188540197003
770f3   1       1.6256704229453471679   1.6675135188540197003
770f4   1       1.6256704229453471679   1.6675135188540197003
770g1   0       0.73696229239463886326  0.52550372700070065743
770g2   0       0.73696229239463886326  0.52550372700070065743
770g3   0       0.73696229239463886326  0.52550372700070065743
770g4   0       0.73696229239463886326  0.52550372700070065743
774a1   0       0.75193486881588832512  0.43521687362886201560
774a2   0       0.75193486881588832512  0.43521687362886201560
774b1   0       0.60609049017899038974  0.31156183631654264773
774b2   0       0.60609049017899038974  0.31156183631654264773
774b3   0       0.60609049017899038974  0.31156183631654264773
774b4   0       0.60609049017899038974  0.31156183631654264773
774c1   0       0.37510817512711704317  0.25713638434745921332
774d1   1       1.5233410109296360074   1.6885085999211413540
774d2   1       1.5233410109296360074   1.6885085999211413540
774e1   1       1.9683139137753063871   1.4650876051892898489
774e2   1       1.9683139137753063871   1.4650876051892898489
774f1   1       1.8923010833500546437   1.8379903401860985225
774f2   1       1.8923010833500546437   1.8379903401860985225
774g1   1       1.7813004421962898640   1.8482375056862841713
774h1   0       0.29124174855761499498  0.38337911350662016505
774h2   0       0.29124174855761499498  0.38337911350662016505
774i1   0       0.52811896859513191704  0.69074142970625398447
775a1   1       1.7583192888079041888   1.6593737653665370275
775b1   0       0.55958548754264978754  0.53138019985023480807
775b2   0       0.55958548754264978754  0.53138019985023480807
775c1   0       0.46911826207880121033  0.46137879175855141018
775c2   0       0.46911826207880121033  0.46137879175855141018
776a1   1       1.5767874278902564133   1.6653422530463510290
776a2   1       1.5767874278902564133   1.6653422530463510290
777a1   0       0.21016785691569213765  0.36567922684192951258
777a2   0       0.21016785691569213765  0.36567922684192951258
777a3   0       0.21016785691569213765  0.36567922684192951258
777a4   0       0.21016785691569213765  0.36567922684192951258
777b1   0       0.32400573697595843871  0.26744525640224859502
777c1   0       0.34224111855323146800  0.60136272831253045535
777d1   1       1.7221632459072798686   1.7766562756097359649
777d2   1       1.7221632459072798686   1.7766562756097359649
777d3   1       1.7221632459072798686   1.7766562756097359649
777d4   1       1.7221632459072798686   1.7766562756097359649
777e1   1       1.7580048108292199094   1.6596980687123221194
777e2   1       1.7580048108292199094   1.6596980687123221194
777e3   1       1.7580048108292199094   1.6596980687123221194
777e4   1       1.7580048108292199094   1.6596980687123221194
777f1   1       1.7617434794899977310   1.7929654831585134221
777g1   1       1.8632847834119085804   1.6214474070863944498
780a1   1       1.6150000104669562097   1.8145288388757359583
780a2   1       1.6150000104669562097   1.8145288388757359583
780b1   0       0.67378962764270507824  0.42942054750246077787
780c1   1       1.6838364413592947607   1.6895849182925215802
780c2   1       1.6838364413592947607   1.6895849182925215802
780d1   0       0.63092456992375876176  0.53732712727305573055
780d2   0       0.63092456992375876176  0.53732712727305573055
781a1   0       0.49770423259672495159  0.21292553416022989149
781b1   1       1.8586555386489459095   1.6720755888343383893
782a1   1       1.6661263164968683710   1.5313921359690173996
782a2   1       1.6661263164968683710   1.5313921359690173996
782b1   0       0.42330850847252094933  0.50638033089009562163
782c1   0       0.54076841673801644938  0.43285402107679215897
782c2   0       0.54076841673801644938  0.43285402107679215897
782d1   0       0.57576734185784099432  0.66346304332142676385
782e1   0       0.39698698227272584209  0.71399048003204335725
782e2   0       0.39698698227272584209  0.71399048003204335725
782e3   0       0.39698698227272584209  0.71399048003204335725
782e4   0       0.39698698227272584209  0.71399048003204335725
784a1   1       1.6964151197146708129   1.6676099030448128120
784b1   1       1.5850490162201743032   1.7865774857375728282
784c1   0       0.28060184264258898928  0.67991709394835673357
784c2   0       0.28060184264258898928  0.67991709394835673357
784c3   0       0.28060184264258898928  0.67991709394835673357
784c4   0       0.28060184264258898928  0.67991709394835673357
784d1   0       0.27078179954702977406  0.70011861500041986413
784e1   0       0.50346121215563744778  0.34811699017146701297
784e2   0       0.50346121215563744778  0.34811699017146701297
784f1   0       0.44924283670862668118  0.28625574848618773904
784g1   0       0.56186188226010373760  0.37004469774331777661
784g2   0       0.56186188226010373760  0.37004469774331777661
784h1   1       1.7419647326124432819   1.5267607684731269313
784h2   1       1.7419647326124432819   1.5267607684731269313
784h3   1       1.7419647326124432819   1.5267607684731269313
784h4   1       1.7419647326124432819   1.5267607684731269313
784i1   1       1.6528244712226691933   1.5759657965981201849
784i2   1       1.6528244712226691933   1.5759657965981201849
784j1   1       1.9993382540105752604   1.5804786876805633665
784j2   1       1.9993382540105752604   1.5804786876805633665
784j3   1       1.9993382540105752604   1.5804786876805633665
784j4   1       1.9993382540105752604   1.5804786876805633665
784j5   1       1.9993382540105752604   1.5804786876805633665
784j6   1       1.9993382540105752604   1.5804786876805633665
786a1   1       1.5775238880845287890   1.5303965057362592584
786b1   1       1.6073080156633752564   1.6221470720214221098
786c1   1       1.6245304633232250593   1.4819208988481904828
786d1   0       0.65859077144793169015  0.31164840543583246372
786e1   0       0.47287487082866982976  0.74013644717765202775
786e2   0       0.47287487082866982976  0.74013644717765202775
786e3   0       0.47287487082866982976  0.74013644717765202775
786e4   0       0.47287487082866982976  0.74013644717765202775
786f1   0       0.82629823707089322143  0.64390148506255127393
786f2   0       0.82629823707089322143  0.64390148506255127393
786g1   1       1.6676664951803809287   1.5624209284264473106
786h1   1       1.8333899855361195761   1.7756084589518431785
786i1   0       0.56459009045904086325  0.64031944761842104642
786i2   0       0.56459009045904086325  0.64031944761842104642
786j1   1       1.6639464763786466982   1.6146025880888017427
786k1   1       1.7493012652823424783   1.7808577865791557037
786l1   1       1.8926967576451343774   1.6977352900772438894
786m1   0       0.66383088512531121414  0.34193719740024583127
786m2   0       0.66383088512531121414  0.34193719740024583127
790a1   1       1.8054051114387913771   1.7044481020073736614
790a2   1       1.8054051114387913771   1.7044481020073736614
791a1   0       0.45560065667772850032  0.26796924047204192471
791a2   0       0.45560065667772850032  0.26796924047204192471
791b1   0       0.56052968535170116647  0.82305221177187466307
791b2   0       0.56052968535170116647  0.82305221177187466307
791c1   1       1.8139074557894206848   1.6356732089216049669
791c2   1       1.8139074557894206848   1.6356732089216049669
791c3   1       1.8139074557894206848   1.6356732089216049669
791c4   1       1.8139074557894206848   1.6356732089216049669
792a1   1       1.6124089935232205986   1.6338665977233343951
792a2   1       1.6124089935232205986   1.6338665977233343951
792b1   0       0.52690930906577858838  0.46050185815738730532
792b2   0       0.52690930906577858838  0.46050185815738730532
792c1   1       1.5789359134199300436   1.6762423314990566457
792c2   1       1.5789359134199300436   1.6762423314990566457
792d1   1       1.7655815149675575437   1.7414729306855064021
792d2   1       1.7655815149675575437   1.7414729306855064021
792d3   1       1.7655815149675575437   1.7414729306855064021
792d4   1       1.7655815149675575437   1.7414729306855064021
792e1   0       0.46289975584796331916  0.80586090658971408833
792e2   0       0.46289975584796331916  0.80586090658971408833
792e3   0       0.46289975584796331916  0.80586090658971408833
792e4   0       0.46289975584796331916  0.80586090658971408833
792f1   0       0.51627405061062098439  0.28461057826107541816
792g1   0       0.47761592365600356280  0.18516008969992730125
792g2   0       0.47761592365600356280  0.18516008969992730125
793a1   1       1.7606397638053460287   1.8207631004972477342
793a2   1       1.7606397638053460287   1.8207631004972477342
794a1   2       2.9592127862055612652   2.6362488601894589291
794b1   1       1.8101040904401234642   1.6536352600133036927
794b2   1       1.8101040904401234642   1.6536352600133036927
794c1   1       1.9432046437674480984   1.6248155631512975899
794d1   1       1.8914961655746707227   1.7078400920264381873
794d2   1       1.8914961655746707227   1.7078400920264381873
794d3   1       1.8914961655746707227   1.7078400920264381873
795a1   1       1.4554914631912336797   1.6471064969742007739
795a2   1       1.4554914631912336797   1.6471064969742007739
795a3   1       1.4554914631912336797   1.6471064969742007739
795a4   1       1.4554914631912336797   1.6471064969742007739
795b1   0       1.0341440058953668745   0.53183050721501269462
795c1   0       0.66514383841044784774  0.59138564670494782862
795c2   0       0.66514383841044784774  0.59138564670494782862
795d1   0       0.69407397567742177429  0.40969203736454126259
795d2   0       0.69407397567742177429  0.40969203736454126259
795d3   0       0.69407397567742177429  0.40969203736454126259
795d4   0       0.69407397567742177429  0.40969203736454126259
797a1   1       1.7278181888902175165   1.6805762095439186505
798a1   1       1.7425365426801527563   1.4744498683839432998
798a2   1       1.7425365426801527563   1.4744498683839432998
798b1   0       0.62296303631807023370  0.31080126487272725200
798b2   0       0.62296303631807023370  0.31080126487272725200
798b3   0       0.62296303631807023370  0.31080126487272725200
798b4   0       0.62296303631807023370  0.31080126487272725200
798c1   1       1.7542849382578550372   1.6871030329816918529
798c2   1       1.7542849382578550372   1.6871030329816918529
798d1   1       1.5877120898298009943   1.7355150302954290818
798d2   1       1.5877120898298009943   1.7355150302954290818
798d3   1       1.5877120898298009943   1.7355150302954290818
798d4   1       1.5877120898298009943   1.7355150302954290818
798e1   0       0.70027181930038721581  0.55833960254769276235
798e2   0       0.70027181930038721581  0.55833960254769276235
798e3   0       0.70027181930038721581  0.55833960254769276235
798e4   0       0.70027181930038721581  0.55833960254769276235
798e5   0       0.70027181930038721581  0.55833960254769276235
798e6   0       0.70027181930038721581  0.55833960254769276235
798f1   0       0.47388824652035890878  0.70310672883859587571
798f2   0       0.47388824652035890878  0.70310672883859587571
798g1   1       1.7212909779578518010   1.6195586418420077937
798g2   1       1.7212909779578518010   1.6195586418420077937
798h1   1       1.8289120867440614695   1.7686122752736464642
798h2   1       1.8289120867440614695   1.7686122752736464642
798i1   0       0.60027132529250888852  0.54885028117625625377
798i2   0       0.60027132529250888852  0.54885028117625625377
798i3   0       0.60027132529250888852  0.54885028117625625377
798i4   0       0.60027132529250888852  0.54885028117625625377
799a1   0       0.53628067928447490028  0.43799289300988250782
799a2   0       0.53628067928447490028  0.43799289300988250782
799b1   1       1.5897423825836947030   1.6536039681385474877
799b2   1       1.5897423825836947030   1.6536039681385474877
800a1   1       1.4886968011547360518   1.5686164885419754144
800a2   1       1.4886968011547360518   1.5686164885419754144
800a3   1       1.4886968011547360518   1.5686164885419754144
800a4   1       1.4886968011547360518   1.5686164885419754144
800b1   1       1.7182625837343846640   1.7624638242270542176
800c1   1       1.8632066665909726414   1.6125025482250622473
800c2   1       1.8632066665909726414   1.6125025482250622473
800d1   0       0.57486329144197177949  0.57806313643325273643
800d2   0       0.57486329144197177949  0.57806313643325273643
800e1   0       0.73812550200936018085  0.28299388760543136310
800f1   0       0.43218819939769740628  0.61633608637169469109
800g1   0       0.37478334277232104383  0.50598345793074798964
800g2   0       0.37478334277232104383  0.50598345793074798964
800h1   1       1.6801324410258692930   1.5486120989000474626
800h2   1       1.6801324410258692930   1.5486120989000474626
800i1   1       1.7155803954678556896   1.9166850522696547083