
Name    Rank    N=10^5  N=10^6  10^7

101a1   1       1.7813463793263650277   1.7651277112541279885
102a1   1       1.8058589051608161922   1.8240169190751653360
102a2   1       1.8058589051608161922   1.8240169190751653360
102b1   0       0.67693040172189700779  0.87195926475184258750
102b2   0       0.67693040172189700779  0.87195926475184258750
102b3   0       0.67693040172189700779  0.87195926475184258750
102b4   0       0.67693040172189700779  0.87195926475184258750
102b5   0       0.67693040172189700779  0.87195926475184258750
102b6   0       0.67693040172189700779  0.87195926475184258750
102c1   0       0.56776421233381872034  0.64726206039670611503
102c2   0       0.56776421233381872034  0.64726206039670611503
102c3   0       0.56776421233381872034  0.64726206039670611503
102c4   0       0.56776421233381872034  0.64726206039670611503
104a1   0       0.60253576959309587569  0.64313758148432011234
105a1   0       0.72375048518881580049  0.59997322197444816406
105a2   0       0.72375048518881580049  0.59997322197444816406
105a3   0       0.72375048518881580049  0.59997322197444816406
105a4   0       0.72375048518881580049  0.59997322197444816406
106a1   0       0.67528758373897306141  0.58463422606272815299
106a2   0       0.67528758373897306141  0.58463422606272815299
106b1   1       1.8737839322885608911   1.8144980464767749397
106c1   0       0.81615788117037773946  0.59738618913419361402
106c2   0       0.81615788117037773946  0.59738618913419361402
106d1   0       0.61034567583023111277  0.58750541448472619665
108a1   0       0.58560318750622586415  0.44498155180187708873
108a2   0       0.58560318750622586415  0.44498155180187708873
109a1   0       0.58730942698248541130  0.68369523932399145644
110a1   0       0.86831009491298735885  0.67850247255080683563
110a2   0       0.86831009491298735885  0.67850247255080683563
110b1   0       0.71522193732035367627  0.60421250462693791678
110b2   0       0.71522193732035367627  0.60421250462693791678
110c1   0       0.51873902234787105020  0.56605007776483276731
110c2   0       0.51873902234787105020  0.56605007776483276731
112a1   1       1.6979456189526571279   1.7072913285035942190
112a2   1       1.6979456189526571279   1.7072913285035942190
112b1   0       0.49833615774995614002  0.58957141227073332031
112b2   0       0.49833615774995614002  0.58957141227073332031
112b3   0       0.49833615774995614002  0.58957141227073332031
112b4   0       0.49833615774995614002  0.58957141227073332031
112c1   0       0.64916492963044341625  0.70944465858301885600
112c2   0       0.64916492963044341625  0.70944465858301885600
112c3   0       0.64916492963044341625  0.70944465858301885600
112c4   0       0.64916492963044341625  0.70944465858301885600
112c5   0       0.64916492963044341625  0.70944465858301885600
112c6   0       0.64916492963044341625  0.70944465858301885600
113a1   0       0.53511801193566384410  0.59186219163297345151
113a2   0       0.53511801193566384410  0.59186219163297345151
114a1   0       0.79292550556956109956  0.73744324412690351495
114a2   0       0.79292550556956109956  0.73744324412690351495
114a3   0       0.79292550556956109956  0.73744324412690351495
114a4   0       0.79292550556956109956  0.73744324412690351495
114b1   0       0.63210935346086492115  0.59368176735933831922
114b2   0       0.63210935346086492115  0.59368176735933831922
114c1   0       0.71940011535469030715  0.70109541269990948523
114c2   0       0.71940011535469030715  0.70109541269990948523
114c3   0       0.71940011535469030715  0.70109541269990948523
114c4   0       0.71940011535469030715  0.70109541269990948523
115a1   0       0.59532309438751155330  0.70731288122483690353
116a1   0       0.69384498611484437087  0.32621424878687209022
116b1   0       0.70528574320643986275  0.67443523293086071680
116b2   0       0.70528574320643986275  0.67443523293086071680
116c1   0       0.56010800374824094460  0.54100174071230948782
116c2   0       0.56010800374824094460  0.54100174071230948782
117a1   1       1.7812399555859395680   1.9390676304396398127
117a2   1       1.7812399555859395680   1.9390676304396398127
117a3   1       1.7812399555859395680   1.9390676304396398127
117a4   1       1.7812399555859395680   1.9390676304396398127
118a1   1       1.7213422846115771037   1.6483040606970283016
118b1   0       0.74873816198978244594  0.55449473912938198958
118b2   0       0.74873816198978244594  0.55449473912938198958
118c1   0       0.65411823177933435667  0.58577687238052704408
118d1   0       0.57337941940881528471  0.47129046168326606772
120a1   0       0.92298801916373330367  0.68330682736378504253
120a2   0       0.92298801916373330367  0.68330682736378504253
120a3   0       0.92298801916373330367  0.68330682736378504253
120a4   0       0.92298801916373330367  0.68330682736378504253
120a5   0       0.92298801916373330367  0.68330682736378504253
120a6   0       0.92298801916373330367  0.68330682736378504253
120b1   0       0.50420018327465013521  0.56185484922165376603
120b2   0       0.50420018327465013521  0.56185484922165376603
120b3   0       0.50420018327465013521  0.56185484922165376603
120b4   0       0.50420018327465013521  0.56185484922165376603
121a1   0       0.57112448647409472346  0.61170957894864326741
121a2   0       0.57112448647409472346  0.61170957894864326741
121b1   1       1.7341737944588071259   1.8056907082589048778
121b2   1       1.7341737944588071259   1.8056907082589048778
121c1   0       0.66275620902162877112  0.65129897310919507375
121c2   0       0.66275620902162877112  0.65129897310919507375
121d1   0       0.57777342378044928705  0.43719812974923443904
121d2   0       0.57777342378044928705  0.43719812974923443904
121d3   0       0.57777342378044928705  0.43719812974923443904
122a1   1       1.9509349528178188050   1.6809689580788128875
123a1   1       1.9552396748178406527   1.7688606548316520033
123a2   1       1.9552396748178406527   1.7688606548316520033
123b1   1       1.8397170843067318689   1.6334276012663385263
124a1   1       2.0118559177457890384   1.7788547215168955203
124a2   1       2.0118559177457890384   1.7788547215168955203
124b1   0       0.54378094211995745965  0.55205272512034371179
126a1   0       0.69666059726470838530  0.77935824972299611685
126a2   0       0.69666059726470838530  0.77935824972299611685
126a3   0       0.69666059726470838530  0.77935824972299611685
126a4   0       0.69666059726470838530  0.77935824972299611685
126a5   0       0.69666059726470838530  0.77935824972299611685
126a6   0       0.69666059726470838530  0.77935824972299611685
126b1   0       0.65187882078094540610  0.65443252701245157698
126b2   0       0.65187882078094540610  0.65443252701245157698
126b3   0       0.65187882078094540610  0.65443252701245157698
126b4   0       0.65187882078094540610  0.65443252701245157698
126b5   0       0.65187882078094540610  0.65443252701245157698
126b6   0       0.65187882078094540610  0.65443252701245157698
128a1   1       1.6405769414818822821   1.7673945160771021114
128a2   1       1.6405769414818822821   1.7673945160771021114
128b1   0       0.63319018679109494273  0.54201734493724129582
128b2   0       0.63319018679109494273  0.54201734493724129582
128c1   0       0.78275701869560167758  0.61558972026004409922
128c2   0       0.78275701869560167758  0.61558972026004409922
128d1   0       0.61788665045260368541  0.62382044413154768008
128d2   0       0.61788665045260368541  0.62382044413154768008
129a1   1       1.6868886934860747638   1.7152607319924063743
129b1   0       0.58264981408263230942  0.63254947109723101781
129b2   0       0.58264981408263230942  0.63254947109723101781
129b3   0       0.58264981408263230942  0.63254947109723101781
129b4   0       0.58264981408263230942  0.63254947109723101781
130a1   1       1.9072578862567664388   1.7864255551306213013
130a2   1       1.9072578862567664388   1.7864255551306213013
130a3   1       1.9072578862567664388   1.7864255551306213013
130a4   1       1.9072578862567664388   1.7864255551306213013
130b1   0       0.73041129803224878761  0.80278995849023221990
130b2   0       0.73041129803224878761  0.80278995849023221990
130b3   0       0.73041129803224878761  0.80278995849023221990
130b4   0       0.73041129803224878761  0.80278995849023221990
130c1   0       0.69257081150055442416  0.66356784254250423167
130c2   0       0.69257081150055442416  0.66356784254250423167
131a1   1       1.5624599905805006183   1.6902533821165228201
132a1   0       0.88145682587369583787  0.62548842436033074986
132a2   0       0.88145682587369583787  0.62548842436033074986
132b1   0       0.56332969502111738406  0.60604971323920113939
132b2   0       0.56332969502111738406  0.60604971323920113939
135a1   1       1.7344225392365741033   1.6601956397593717055
135b1   0       0.72582541833656939083  0.56238906551050512727
136a1   1       1.8685070287782703246   1.8228997290025307642
136a2   1       1.8685070287782703246   1.8228997290025307642
136b1   0       0.55394226314505545839  0.63888476941138892705
136b2   0       0.55394226314505545839  0.63888476941138892705
138a1   1       1.7805488899377646323   1.7377648713624169380
138a2   1       1.7805488899377646323   1.7377648713624169380
138b1   0       0.72452596446983332626  0.73532233910758944628
138b2   0       0.72452596446983332626  0.73532233910758944628
138b3   0       0.72452596446983332626  0.73532233910758944628
138b4   0       0.72452596446983332626  0.73532233910758944628
138c1   0       0.62237134001214056085  0.54971268698760289122
138c2   0       0.62237134001214056085  0.54971268698760289122
138c3   0       0.62237134001214056085  0.54971268698760289122
138c4   0       0.62237134001214056085  0.54971268698760289122
139a1   0       0.62761869026358565121  0.51493201838052894339
140a1   0       0.71281969633571672933  0.44683598932817305176
140a2   0       0.71281969633571672933  0.44683598932817305176
140b1   0       0.53021267136963817580  0.53252605291153163508
141a1   1       1.9011195317332527012   1.7600085532182603842
141b1   0       0.44696138785342971510  0.67950475328303181336
141b2   0       0.44696138785342971510  0.67950475328303181336
141c1   0       0.59842922644351921506  0.49117570415921318133
141c2   0       0.59842922644351921506  0.49117570415921318133
141c3   0       0.59842922644351921506  0.49117570415921318133
141c4   0       0.59842922644351921506  0.49117570415921318133
141d1   1       1.7359276424998259375   1.7436906389170548334
141e1   0       0.65214825324011015126  0.75635502698804846393
142a1   1       1.8900723222879623520   1.8048252838651648720
142b1   1       1.9193949410770065477   1.7888782221922810426
142c1   0       0.57171043949197931194  0.57845746055010293691
142c2   0       0.57171043949197931194  0.57845746055010293691
142d1   0       0.51416808677139844907  0.59642779174678420252
142d2   0       0.51416808677139844907  0.59642779174678420252
142e1   0       0.61599570466366413815  0.59902187363037934290
143a1   1       1.7977407189446033089   1.7172216564614786931
144a1   0       0.53824118095428748056  0.58244309469308594960
144a2   0       0.53824118095428748056  0.58244309469308594960
144a3   0       0.53824118095428748056  0.58244309469308594960
144a4   0       0.53824118095428748056  0.58244309469308594960
144b1   0       0.56441152246078675005  0.69692773981918093894
144b2   0       0.56441152246078675005  0.69692773981918093894
144b3   0       0.56441152246078675005  0.69692773981918093894
144b4   0       0.56441152246078675005  0.69692773981918093894
144b5   0       0.56441152246078675005  0.69692773981918093894
144b6   0       0.56441152246078675005  0.69692773981918093894
145a1   1       1.8820843740060443382   1.7814346354629406451
145a2   1       1.8820843740060443382   1.7814346354629406451
147a1   0       0.58982776204947312851  0.60432330003038460975
147a2   0       0.58982776204947312851  0.60432330003038460975
147a3   0       0.58982776204947312851  0.60432330003038460975
147a4   0       0.58982776204947312851  0.60432330003038460975
147a5   0       0.58982776204947312851  0.60432330003038460975
147a6   0       0.58982776204947312851  0.60432330003038460975
147b1   0       0.73726572625948319691  0.72728781629002971124
147b2   0       0.73726572625948319691  0.72728781629002971124
147c1   0       0.44163770897239245097  0.63349447430814881277
147c2   0       0.44163770897239245097  0.63349447430814881277
148a1   1       1.9382654267777654940   1.7343554209593754225
150a1   0       0.69948443624372362036  0.79835489311323973527
150a2   0       0.69948443624372362036  0.79835489311323973527
150a3   0       0.69948443624372362036  0.79835489311323973527
150a4   0       0.69948443624372362036  0.79835489311323973527
150b1   0       0.44498222978993471879  0.66412351849420440504
150b2   0       0.44498222978993471879  0.66412351849420440504
150b3   0       0.44498222978993471879  0.66412351849420440504
150b4   0       0.44498222978993471879  0.66412351849420440504
150c1   0       0.45459027348831560492  0.64480292041278908663
150c2   0       0.45459027348831560492  0.64480292041278908663
150c3   0       0.45459027348831560492  0.64480292041278908663
150c4   0       0.45459027348831560492  0.64480292041278908663
150c5   0       0.45459027348831560492  0.64480292041278908663
150c6   0       0.45459027348831560492  0.64480292041278908663
150c7   0       0.45459027348831560492  0.64480292041278908663
150c8   0       0.45459027348831560492  0.64480292041278908663
152a1   1       1.6313604155920148148   1.5379011180716363185
152b1   0       0.43300135014856772814  0.62722607693765874336
153a1   1       1.7149976854784097204   1.7706794357326983329
153b1   1       1.8660919676573197567   1.7182662960279007305
153b2   1       1.8660919676573197567   1.7182662960279007305
153c1   0       0.66815682225788396935  0.53782764656821700046
153c2   0       0.66815682225788396935  0.53782764656821700046
153c3   0       0.66815682225788396935  0.53782764656821700046
153c4   0       0.66815682225788396935  0.53782764656821700046
153d1   0       0.59566035207560067818  0.40553324684195087959
154a1   1       1.8148723803226682928   1.5958201768837309850
154a2   1       1.8148723803226682928   1.5958201768837309850
154b1   0       0.83211957398885577984  0.66845634730198050886
154b2   0       0.83211957398885577984  0.66845634730198050886
154b3   0       0.83211957398885577984  0.66845634730198050886
154b4   0       0.83211957398885577984  0.66845634730198050886
154c1   0       0.53595813321809921687  0.56677858556799054999
154c2   0       0.53595813321809921687  0.56677858556799054999
155a1   1       1.8529808216727845105   1.8916308828963209726
155a2   1       1.8529808216727845105   1.8916308828963209726
155b1   0       0.80256179470709168594  0.50995654959045820581
155b2   0       0.80256179470709168594  0.50995654959045820581
155c1   1       1.7452072540684694533   1.6640502885717327169
156a1   1       1.7969842593811018676   1.7787127694545878711
156a2   1       1.7969842593811018676   1.7787127694545878711
156b1   0       0.67573892926906821891  0.73817283792438178473
156b2   0       0.67573892926906821891  0.73817283792438178473
156b3   0       0.67573892926906821891  0.73817283792438178473
156b4   0       0.67573892926906821891  0.73817283792438178473
158a1   1       1.7849078250406566960   1.7622579671262660966
158b1   1       1.8492400459811329749   1.7554851638005451019
158c1   0       0.50801310883806405834  0.64267904058213190468
158c2   0       0.50801310883806405834  0.64267904058213190468
158d1   0       0.64388563592393179137  0.73439698469193784020
158d2   0       0.64388563592393179137  0.73439698469193784020
158d3   0       0.64388563592393179137  0.73439698469193784020
158e1   0       0.66835717550625974012  0.59715220681811942836
158e2   0       0.66835717550625974012  0.59715220681811942836
160a1   1       1.7113982321622677670   1.6464173202140764395
160a2   1       1.7113982321622677670   1.6464173202140764395
160b1   0       0.51273835152879461554  0.55114311403380181955
160b2   0       0.51273835152879461554  0.55114311403380181955
161a1   0       0.38307793850207619362  0.64506587777240680743
161a2   0       0.38307793850207619362  0.64506587777240680743
161a3   0       0.38307793850207619362  0.64506587777240680743
161a4   0       0.38307793850207619362  0.64506587777240680743
162a1   1       1.7173047918721206066   1.7054787178536458548
162a2   1       1.7173047918721206066   1.7054787178536458548
162b1   0       0.75469287912343938780  0.52394253030845321478
162b2   0       0.75469287912343938780  0.52394253030845321478
162b3   0       0.75469287912343938780  0.52394253030845321478
162b4   0       0.75469287912343938780  0.52394253030845321478
162c1   0       0.51159144586136901828  0.57238495787766155262
162c2   0       0.51159144586136901828  0.57238495787766155262
162c3   0       0.51159144586136901828  0.57238495787766155262
162c4   0       0.51159144586136901828  0.57238495787766155262
162d1   0       0.69866377139175644819  0.70522245430111271384
162d2   0       0.69866377139175644819  0.70522245430111271384
163a1   1       1.9422937357283875159   1.8410416212424089611
166a1   1       1.7359396905772892407   1.6997668036318596895
168a1   0       0.55459197928097388128  0.55560786355283339963
168a2   0       0.55459197928097388128  0.55560786355283339963
168a3   0       0.55459197928097388128  0.55560786355283339963
168a4   0       0.55459197928097388128  0.55560786355283339963
168b1   0       0.78403037632047648981  0.49839984764424782091
168b2   0       0.78403037632047648981  0.49839984764424782091
168b3   0       0.78403037632047648981  0.49839984764424782091
168b4   0       0.78403037632047648981  0.49839984764424782091
170a1   1       1.7804839260796321214   1.7708258801581180080
170a2   1       1.7804839260796321214   1.7708258801581180080
170b1   0       0.74646347117793187333  0.46165154882096544405
170b2   0       0.74646347117793187333  0.46165154882096544405
170b3   0       0.74646347117793187333  0.46165154882096544405
170b4   0       0.74646347117793187333  0.46165154882096544405
170c1   0       0.70607774511288306106  0.63169408186116516665
170c2   0       0.70607774511288306106  0.63169408186116516665
170d1   0       0.72458046411380164206  0.59034073668894014287
170d2   0       0.72458046411380164206  0.59034073668894014287
170e1   0       0.40549678639496340888  0.53873700413162849971
171a1   0       0.33535239886812323573  0.68978933392601759906
171a2   0       0.33535239886812323573  0.68978933392601759906
171a3   0       0.33535239886812323573  0.68978933392601759906
171a4   0       0.33535239886812323573  0.68978933392601759906
171b1   1       1.7718045516542599844   1.8174296689534832008
171b2   1       1.7718045516542599844   1.8174296689534832008
171b3   1       1.7718045516542599844   1.8174296689534832008
171c1   0       0.46229572353164557414  0.66601251774296558066
171c2   0       0.46229572353164557414  0.66601251774296558066
171d1   0       0.37186569625908697872  0.39092880366376189805
172a1   1       1.7116853992358924046   1.7540446612901654902
172a2   1       1.7116853992358924046   1.7540446612901654902
174a1   0       0.56035903297865758163  0.50626049542892996887
174a2   0       0.56035903297865758163  0.50626049542892996887
174b1   0       0.74376518938965263333  0.69341691298943139761
174b2   0       0.74376518938965263333  0.69341691298943139761
174c1   0       0.65045365818259450744  0.71887452833495106688
174d1   0       0.72342347877153889212  0.68703952586732051611
174d2   0       0.72342347877153889212  0.68703952586732051611
174d3   0       0.72342347877153889212  0.68703952586732051611
174d4   0       0.72342347877153889212  0.68703952586732051611
174e1   0       0.36212491622569294202  0.58940119606375557069
175a1   1       1.8624095677166752490   1.8252521535893531034
175a2   1       1.8624095677166752490   1.8252521535893531034
175b1   1       1.6777776668880197216   1.7119936849388858616
175b2   1       1.6777776668880197216   1.7119936849388858616
175b3   1       1.6777776668880197216   1.7119936849388858616
175c1   0       0.51690520271663918795  0.65178865867347943841
175c2   0       0.51690520271663918795  0.65178865867347943841
176a1   0       0.58141735854088670141  0.52550103159193899139
176b1   0       0.34275813063144378076  0.54091576958835469381
176b2   0       0.34275813063144378076  0.54091576958835469381
176b3   0       0.34275813063144378076  0.54091576958835469381
176c1   1       1.6107392782027507138   1.6864818559042856968
176c2   1       1.6107392782027507138   1.6864818559042856968
178a1   0       0.58116995838731745350  0.67024401217279208841
178a2   0       0.58116995838731745350  0.67024401217279208841
178b1   0       0.40367195550362776229  0.65506604985205808480
178b2   0       0.40367195550362776229  0.65506604985205808480
179a1   0       0.52063598075548872220  0.37495599012057131739
180a1   0       0.70944544418278921798  0.62241355236866537281
180a2   0       0.70944544418278921798  0.62241355236866537281
180a3   0       0.70944544418278921798  0.62241355236866537281
180a4   0       0.70944544418278921798  0.62241355236866537281
182a1   0       0.59676234887279223220  0.57500254597168476276
182a2   0       0.59676234887279223220  0.57500254597168476276
182a3   0       0.59676234887279223220  0.57500254597168476276
182a4   0       0.59676234887279223220  0.57500254597168476276
182b1   0       0.82899852348425557198  0.69957471613035178590
182b2   0       0.82899852348425557198  0.69957471613035178590
182b3   0       0.82899852348425557198  0.69957471613035178590
182c1   0       0.55958395682949712263  0.64246532102907549732
182d1   0       0.50687953853313294308  0.54884746137917106577
182e1   0       0.29493018033566139185  0.46240039307567513872
184a1   1       1.8303985379999068685   1.7538211036839044207
184b1   1       1.8325189688358592661   1.7211529417046348488
184c1   0       0.67711282656916602626  0.50664184326649459426
184c2   0       0.67711282656916602626  0.50664184326649459426
184d1   0       0.66350050437681289262  0.72396694615860216784
185a1   1       1.6726374500495027450   1.5969058789515148323
185b1   1       1.8774072370958476013   1.7599959708147347946
185c1   1       1.9189239586038079401   1.8460841774790692699
185c2   1       1.9189239586038079401   1.8460841774790692699
186a1   0       0.31898745994902520271  0.52142561176031431684
186b1   0       0.84293680675181351784  0.61970533653272182325
186b2   0       0.84293680675181351784  0.61970533653272182325
186c1   0       0.65776313642552321991  0.58140479322173651193
187a1   0       0.66655606270475424791  0.72594148983658187288
187a2   0       0.66655606270475424791  0.72594148983658187288
187b1   0       0.49244176456040539953  0.53013251675130992752
189a1   1       1.7897778137611723031   1.9197128924992323278
189b1   1       1.7581512655818889675   1.7814478031539912901
189b2   1       1.7581512655818889675   1.7814478031539912901
189b3   1       1.7581512655818889675   1.7814478031539912901
189c1   0       0.65101883610524005562  0.55680636106979564573
189c2   0       0.65101883610524005562  0.55680636106979564573
189c3   0       0.65101883610524005562  0.55680636106979564573
189d1   0       0.67787575125207137205  0.50656589736401418665
190a1   1       1.8844226109432015843   1.8421842853274420819
190b1   1       1.6298486093055600764   1.6492310255501499952
190c1   0       0.88716062480292326342  0.72107137876550915205
190c2   0       0.88716062480292326342  0.72107137876550915205
192a1   1       1.7186168873319393384   1.7140470767309069628
192a2   1       1.7186168873319393384   1.7140470767309069628
192a3   1       1.7186168873319393384   1.7140470767309069628
192a4   1       1.7186168873319393384   1.7140470767309069628
192b1   0       0.68449480113943335622  0.73091773685952277714
192b2   0       0.68449480113943335622  0.73091773685952277714
192b3   0       0.68449480113943335622  0.73091773685952277714
192b4   0       0.68449480113943335622  0.73091773685952277714
192c1   0       0.64948429042658778511  0.66746334326421563274
192c2   0       0.64948429042658778511  0.66746334326421563274
192c3   0       0.64948429042658778511  0.66746334326421563274
192c4   0       0.64948429042658778511  0.66746334326421563274
192c5   0       0.64948429042658778511  0.66746334326421563274
192c6   0       0.64948429042658778511  0.66746334326421563274
192d1   0       0.54292839161619571453  0.52761646723172250177
192d2   0       0.54292839161619571453  0.52761646723172250177
192d3   0       0.54292839161619571453  0.52761646723172250177
192d4   0       0.54292839161619571453  0.52761646723172250177
192d5   0       0.54292839161619571453  0.52761646723172250177
192d6   0       0.54292839161619571453  0.52761646723172250177
194a1   0       0.77402362598458017439  0.49539043570984772400
194a2   0       0.77402362598458017439  0.49539043570984772400
195a1   0       0.60576320648774450317  0.71095709236858476722
195a2   0       0.60576320648774450317  0.71095709236858476722
195a3   0       0.60576320648774450317  0.71095709236858476722
195a4   0       0.60576320648774450317  0.71095709236858476722
195a5   0       0.60576320648774450317  0.71095709236858476722
195a6   0       0.60576320648774450317  0.71095709236858476722
195a7   0       0.60576320648774450317  0.71095709236858476722
195a8   0       0.60576320648774450317  0.71095709236858476722
195b1   0       0.83938795084080395923  0.64728837613665057817
195c1   0       0.59869658147252119141  0.49189853478043749731
195d1   0       0.74779766083108329703  0.52424292368413866825
196a1   1       1.8040196947103471695   1.7888248881991136557
196a2   1       1.8040196947103471695   1.7888248881991136557
196b1   0       0.43305327084419507004  0.61917121856101618975
196b2   0       0.43305327084419507004  0.61917121856101618975
197a1   1       1.8196614450783031305   1.8323496099847202163
198a1   1       1.7743763201619158562   1.7475576749314028137
198a2   1       1.7743763201619158562   1.7475576749314028137
198a3   1       1.7743763201619158562   1.7475576749314028137
198a4   1       1.7743763201619158562   1.7475576749314028137
198b1   0       0.60416855332237419039  0.72070911980653776107
198b2   0       0.60416855332237419039  0.72070911980653776107
198b3   0       0.60416855332237419039  0.72070911980653776107
198b4   0       0.60416855332237419039  0.72070911980653776107
198c1   0       0.61632881333326971158  0.64930049808344550317
198c2   0       0.61632881333326971158  0.64930049808344550317
198c3   0       0.61632881333326971158  0.64930049808344550317
198c4   0       0.61632881333326971158  0.64930049808344550317
198d1   0       0.54355242816633751083  0.66324031588188952301
198d2   0       0.54355242816633751083  0.66324031588188952301
198d3   0       0.54355242816633751083  0.66324031588188952301
198d4   0       0.54355242816633751083  0.66324031588188952301
198e1   0       0.69488933016162459271  0.42377122637894349547
198e2   0       0.69488933016162459271  0.42377122637894349547
198e3   0       0.69488933016162459271  0.42377122637894349547
198e4   0       0.69488933016162459271  0.42377122637894349547
200a1   0       0.77262175442154533264  0.35928929910462681384
200b1   1       1.9516261176227684586   1.7332157276515833445
200b2   1       1.9516261176227684586   1.7332157276515833445
200c1   0       0.69907690478717960869  0.50839343011771884571
200c2   0       0.69907690478717960869  0.50839343011771884571
200c3   0       0.69907690478717960869  0.50839343011771884571
200c4   0       0.69907690478717960869  0.50839343011771884571
200d1   0       0.57341780347133339142  0.44356308699198004848
200d2   0       0.57341780347133339142  0.44356308699198004848
200e1   0       0.71186321314298802606  0.62500108302265563186


