
Name    Rank    N=10^5  N=10^6  10^7

501a1   0       0.48586148437832817268  0.69296931508382877199
501a2   0       0.48586148437832817268  0.69296931508382877199
503a1   1       1.7208085725552165687   1.6469851627880967915
503b1   0       0.69378934224245606409  0.41590384664703381970
503c1   0       0.65852600859512377839  0.31271772924156325982
504a1   1       1.7441851037729603348   1.6300385621408501738
504a2   1       1.7441851037729603348   1.6300385621408501738
504b1   0       0.45966577217708626362  0.76606619702371314446
504b2   0       0.45966577217708626362  0.76606619702371314446
504c1   0       0.59849600677664920937  0.51452101949345866272
504c2   0       0.59849600677664920937  0.51452101949345866272
504c3   0       0.59849600677664920937  0.51452101949345866272
504c4   0       0.59849600677664920937  0.51452101949345866272
504d1   0       0.69346700108431334211  0.54735990418756448393
504d2   0       0.69346700108431334211  0.54735990418756448393
504e1   1       1.9429533016676898894   1.6788983148738664014
504e2   1       1.9429533016676898894   1.6788983148738664014
504f1   1       1.8656698576840028508   1.7255062045397468390
504f2   1       1.8656698576840028508   1.7255062045397468390
504f3   1       1.8656698576840028508   1.7255062045397468390
504f4   1       1.8656698576840028508   1.7255062045397468390
504g1   0       0.59932354045858814869  0.49896420664397397305
504g2   0       0.59932354045858814869  0.49896420664397397305
504g3   0       0.59932354045858814869  0.49896420664397397305
504g4   0       0.59932354045858814869  0.49896420664397397305
504h1   0       0.51232319807225223286  0.57603835324112188702
504h2   0       0.51232319807225223286  0.57603835324112188702
505a1   1       1.5541103048940259330   1.7442329431747103281
505a2   1       1.5541103048940259330   1.7442329431747103281
506a1   1       1.9749715671238994920   1.7048070586235368005
506b1   0       0.39244503218899232930  0.77007819128741774720
506c1   0       0.77310986952161821030  0.40896254099502456161
506c2   0       0.77310986952161821030  0.40896254099502456161
506d1   1       1.7348901027784458222   1.7011159812034975722
506e1   1       1.7810269187016396193   1.6163446209892516729
506f1   1       1.8292115889809633312   1.7341864364787553108
507a1   1       1.6267599087034349201   1.7996705885190209709
507a2   1       1.6267599087034349201   1.7996705885190209709
507b1   1       1.6352752221685216205   1.5576591177585511936
507b2   1       1.6352752221685216205   1.5576591177585511936
507c1   1       1.8028228692100206054   1.6899440518353658357
507c2   1       1.8028228692100206054   1.6899440518353658357
507c3   1       1.8028228692100206054   1.6899440518353658357
507c4   1       1.8028228692100206054   1.6899440518353658357
510a1   0       0.14078742710506228334  0.52352647587263480244
510a2   0       0.14078742710506228334  0.52352647587263480244
510b1   0       0.77218627565975829831  0.49942860892037809147
510b2   0       0.77218627565975829831  0.49942860892037809147
510c1   0       0.44344122828685225744  0.45770616633488657482
510c2   0       0.44344122828685225744  0.45770616633488657482
510d1   1       1.5351631380718245164   1.6400962441298205774
510d2   1       1.5351631380718245164   1.6400962441298205774
510d3   1       1.5351631380718245164   1.6400962441298205774
510d4   1       1.5351631380718245164   1.6400962441298205774
510e1   0       0.37261142263445397597  0.61580194953942711305
510e2   0       0.37261142263445397597  0.61580194953942711305
510e3   0       0.37261142263445397597  0.61580194953942711305
510e4   0       0.37261142263445397597  0.61580194953942711305
510e5   0       0.37261142263445397597  0.61580194953942711305
510e6   0       0.37261142263445397597  0.61580194953942711305
510e7   0       0.37261142263445397597  0.61580194953942711305
510e8   0       0.37261142263445397597  0.61580194953942711305
510f1   0       0.76874247393432232040  0.63566834291291165288
510f2   0       0.76874247393432232040  0.63566834291291165288
510f3   0       0.76874247393432232040  0.63566834291291165288
510f4   0       0.76874247393432232040  0.63566834291291165288
510g1   0       0.79411121974598262123  0.71832121665086236398
510g2   0       0.79411121974598262123  0.71832121665086236398
510g3   0       0.79411121974598262123  0.71832121665086236398
510g4   0       0.79411121974598262123  0.71832121665086236398
513a1   1       1.6001761636811744602   1.5232831726797240724
513b1   1       1.7701207940230427329   1.7788700164563821047
514a1   1       1.8797890907443514846   1.7522819336324146747
514a2   1       1.8797890907443514846   1.7522819336324146747
514a3   1       1.8797890907443514846   1.7522819336324146747
514a4   1       1.8797890907443514846   1.7522819336324146747
514b1   1       1.9864564304276019492   1.8022525932789522781
514b2   1       1.9864564304276019492   1.8022525932789522781
516a1   0       0.63986932472874102582  0.46214484279702406194
516b1   1       1.6250769624921052921   1.7805533382399514182
516c1   0       0.46423507882939431999  0.51438329633349070115
516c2   0       0.46423507882939431999  0.51438329633349070115
516d1   0       0.78060697844952627880  0.71368841146434757386
516d2   0       0.78060697844952627880  0.71368841146434757386
517a1   0       0.47613132699378682383  0.31715259393127925891
517b1   0       0.70530394442591293371  0.41815652868782692525
517c1   1       1.7940225922668578792   1.9497593908134262825
520a1   1       1.8362131032364504187   1.7221159392548439544
520a2   1       1.8362131032364504187   1.7221159392548439544
520a3   1       1.8362131032364504187   1.7221159392548439544
520a4   1       1.8362131032364504187   1.7221159392548439544
520b1   0       0.55661838106455893633  0.58129226271533187789
520b2   0       0.55661838106455893633  0.58129226271533187789
522a1   1       1.7858523647177290868   1.6176345786198927360
522b1   0       0.32744622746333281053  0.65175705219032151943
522b2   0       0.32744622746333281053  0.65175705219032151943
522c1   0       0.27765477704387918592  0.50968441581389901706
522c2   0       0.27765477704387918592  0.50968441581389901706
522d1   0       0.53076902615723040918  0.35246607042057691695
522d2   0       0.53076902615723040918  0.35246607042057691695
522e1   1       1.7347930281255833104   1.6724301390460065269
522f1   1       1.8149667330575878440   1.6557392042477382347
522f2   1       1.8149667330575878440   1.6557392042477382347
522g1   0       0.38025523272545380053  0.58645368639653171174
522g2   0       0.38025523272545380053  0.58645368639653171174
522h1   0       0.72129847674045034315  0.48980368419053029641
522h2   0       0.72129847674045034315  0.48980368419053029641
522i1   1       1.6038013237083273007   1.7038991752362732029
522j1   1       1.7973115860424777172   1.7839513502200481295
522k1   0       0.61997588025897748122  0.57394372477026351081
522k2   0       0.61997588025897748122  0.57394372477026351081
522k3   0       0.61997588025897748122  0.57394372477026351081
522k4   0       0.61997588025897748122  0.57394372477026351081
522l1   0       0.70016952476512451573  0.55753119037607901116
522m1   0       0.42945343763345337494  0.62950698488665645430
522m2   0       0.42945343763345337494  0.62950698488665645430
524a1   1       1.8428279514258664815   1.6199568976636803098
525a1   1       1.7807477139578308805   1.6618468863433900387
525a2   1       1.7807477139578308805   1.6618468863433900387
525a3   1       1.7807477139578308805   1.6618468863433900387
525a4   1       1.7807477139578308805   1.6618468863433900387
525b1   0       0.58312167197704985650  0.59624697767827079521
525b2   0       0.58312167197704985650  0.59624697767827079521
525b3   0       0.58312167197704985650  0.59624697767827079521
525b4   0       0.58312167197704985650  0.59624697767827079521
525b5   0       0.58312167197704985650  0.59624697767827079521
525b6   0       0.58312167197704985650  0.59624697767827079521
525c1   1       1.7642329505439360565   1.7974919551776073056
525c2   1       1.7642329505439360565   1.7974919551776073056
525d1   1       1.6176343643194406863   1.7112795440242861843
525d2   1       1.6176343643194406863   1.7112795440242861843
528a1   1       1.5319662201646732684   1.6021698901400639809
528a2   1       1.5319662201646732684   1.6021698901400639809
528b1   0       0.45650695781667255869  0.56259113806950438748
528b2   0       0.45650695781667255869  0.56259113806950438748
528b3   0       0.45650695781667255869  0.56259113806950438748
528b4   0       0.45650695781667255869  0.56259113806950438748
528c1   0       0.28195065241398404788  0.62692771905788626137
528c2   0       0.28195065241398404788  0.62692771905788626137
528d1   0       0.56091638083450223567  0.61300927385907694788
528d2   0       0.56091638083450223567  0.61300927385907694788
528d3   0       0.56091638083450223567  0.61300927385907694788
528d4   0       0.56091638083450223567  0.61300927385907694788
528e1   0       0.50270128127383774053  0.28801323039244578866
528e2   0       0.50270128127383774053  0.28801323039244578866
528f1   0       0.25141445045923673131  0.50040397457363803662
528f2   0       0.25141445045923673131  0.50040397457363803662
528f3   0       0.25141445045923673131  0.50040397457363803662
528f4   0       0.25141445045923673131  0.50040397457363803662
528g1   1       1.6364029719040963434   1.5684710646756532117
528g2   1       1.6364029719040963434   1.5684710646756532117
528g3   1       1.6364029719040963434   1.5684710646756532117
528g4   1       1.6364029719040963434   1.5684710646756532117
528h1   1       1.7036890194811264104   1.6667373040110231725
528h2   1       1.7036890194811264104   1.6667373040110231725
528h3   1       1.7036890194811264104   1.6667373040110231725
528h4   1       1.7036890194811264104   1.6667373040110231725
528i1   0       0.50825802090734060292  0.60366164063610437407
528i2   0       0.50825802090734060292  0.60366164063610437407
528j1   0       0.50583063620182574771  0.47529382020466169846
528j2   0       0.50583063620182574771  0.47529382020466169846
528j3   0       0.50583063620182574771  0.47529382020466169846
528j4   0       0.50583063620182574771  0.47529382020466169846
530a1   0       0.71681473340709023671  0.34768797566471178141
530a2   0       0.71681473340709023671  0.34768797566471178141
530b1   1       1.7490857008288117133   1.6068503878588258391
530b2   1       1.7490857008288117133   1.6068503878588258391
530c1   1       1.6563663266272199754   1.6489829891532444850
530d1   1       1.6277696755133208063   1.6215372590412408036
532a1   0       0.71772609716399008224  0.41281876467111931347
532a2   0       0.71772609716399008224  0.41281876467111931347
534a1   1       1.8140257226314033243   1.9236086254255621778
534a2   1       1.8140257226314033243   1.9236086254255621778
537a1   0       0.76547155410603825287  0.45169928713321849064
537b1   0       0.71292088465476480310  0.50274577908076298836
537c1   0       0.55126156695858009012  0.64132086682299978062
537c2   0       0.55126156695858009012  0.64132086682299978062
537d1   0       0.59621316444185707032  0.65667992220234103556
537e1   0       0.52460378754427237750  0.58917158006827824308
537e2   0       0.52460378754427237750  0.58917158006827824308
539a1   0       0.92600791974950787617  0.49342441111670446618
539a2   0       0.92600791974950787617  0.49342441111670446618
539a3   0       0.92600791974950787617  0.49342441111670446618
539b1   0       0.43740322174494269453  0.36588868644603275970
539c1   1       1.9450600301109832729   1.6305503903401640195
539c2   1       1.9450600301109832729   1.6305503903401640195
539d1   1       1.7824831881858149100   1.8286892326965769174
539d2   1       1.7824831881858149100   1.8286892326965769174
539d3   1       1.7824831881858149100   1.8286892326965769174
540a1   0       0.61368142291102314044  0.32954004222530040657
540a2   0       0.61368142291102314044  0.32954004222530040657
540b1   1       1.6390579044423478407   1.8579930146171328292
540b2   1       1.6390579044423478407   1.8579930146171328292
540c1   1       1.8117876286467218431   1.7294449718215286197
540c2   1       1.8117876286467218431   1.7294449718215286197
540d1   1       1.6413331696337225233   1.6813329478696014408
540d2   1       1.6413331696337225233   1.6813329478696014408
540e1   0       0.64774839549459068315  0.58307768686461349205
540e2   0       0.64774839549459068315  0.58307768686461349205
540f1   0       0.55756680336817416850  0.60605342680533069315
540f2   0       0.55756680336817416850  0.60605342680533069315
542a1   0       0.43660280791124194026  0.58325286911518204472
542a2   0       0.43660280791124194026  0.58325286911518204472
542b1   1       1.8320612715013036148   1.7683556693257256769
544a1   1       1.7469565911711456120   1.8302893010727842542
544a2   1       1.7469565911711456120   1.8302893010727842542
544b1   0       0.72714051318897680949  0.40669333346411083214
544b2   0       0.72714051318897680949  0.40669333346411083214
544c1   0       0.55821091271681404659  0.68775040314237594826
544c2   0       0.55821091271681404659  0.68775040314237594826
544d1   0       0.79310341526155232521  0.37223409901108959919
544d2   0       0.79310341526155232521  0.37223409901108959919
544e1   0       0.50222852888481715926  0.37038140671207100374
544e2   0       0.50222852888481715926  0.37038140671207100374
544f1   0       0.53376398189429051391  0.60903015140619974290
544f2   0       0.53376398189429051391  0.60903015140619974290
545a1   1       1.7274290106541441063   1.5998427569671690834
545a2   1       1.7274290106541441063   1.5998427569671690834
545a3   1       1.7274290106541441063   1.5998427569671690834
545a4   1       1.7274290106541441063   1.5998427569671690834
546a1   0       0.31977863425385449998  0.43652103652387960552
546b1   0       0.54070218608612142156  0.38449310148314563927
546c1   1       1.7349791238535702302   1.6472733981492452623
546c2   1       1.7349791238535702302   1.6472733981492452623
546c3   1       1.7349791238535702302   1.6472733981492452623
546c4   1       1.7349791238535702302   1.6472733981492452623
546d1   0       0.55714422677631764119  0.65378205920808571008
546d2   0       0.55714422677631764119  0.65378205920808571008
546d3   0       0.55714422677631764119  0.65378205920808571008
546e1   0       0.41861228922055846453  0.71675742611347642345
546f1   0       0.52684787277760016560  0.52270620818892170569
546f2   0       0.52684787277760016560  0.52270620818892170569
546g1   0       0.67104171571431220804  0.72776154565798350667
546g2   0       0.67104171571431220804  0.72776154565798350667
546g3   0       0.67104171571431220804  0.72776154565798350667
546g4   0       0.67104171571431220804  0.72776154565798350667
549a1   1       1.5262428823599692786   1.7138729622382850685
549a2   1       1.5262428823599692786   1.7138729622382850685
549b1   1       1.7393696378188179225   1.6745632587485897906
549b2   1       1.7393696378188179225   1.6745632587485897906
549c1   0       0.31755074803541363833  0.50697504202030780040
550a1   1       1.7411956077401432184   1.6517404672926291173
550a2   1       1.7411956077401432184   1.6517404672926291173
550b1   0       0.64501330454580841139  0.52891866438649086195
550b2   0       0.64501330454580841139  0.52891866438649086195
550c1   0       0.46179261487637013492  0.29418461183820346786
550d1   0       0.87264911974231315387  0.45499927177377794771
550d2   0       0.87264911974231315387  0.45499927177377794771
550e1   0       0.55721845189101800333  0.56104097463190196982
550f1   1       1.8532551000451930966   1.7154847049720858717
550f2   1       1.8532551000451930966   1.7154847049720858717
550f3   1       1.8532551000451930966   1.7154847049720858717
550g1   1       1.8994442545796845674   1.4789498845973108841
550g2   1       1.8994442545796845674   1.4789498845973108841
550h1   0       0.38303876497878542802  0.56102296219565837945
550h2   0       0.38303876497878542802  0.56102296219565837945
550i1   1       1.7528999941247447921   1.7892503134209435484
550i2   1       1.7528999941247447921   1.7892503134209435484
550j1   1       1.7149340304204957419   1.5551338611928597863
550k1   0       0.62083500202338042125  0.70214160629776230723
550k2   0       0.62083500202338042125  0.70214160629776230723
550k3   0       0.62083500202338042125  0.70214160629776230723
550l1   0       0.53043886471800809004  0.69582825647593191928
550l2   0       0.53043886471800809004  0.69582825647593191928
550m1   0       0.78582953350024885526  0.54448286914370013209
551a1   1       1.8035848226561431672   1.6356002208216624603
551b1   1       1.6777535964436541032   1.7644928975316697567
551c1   1       1.7622055719526746674   1.5870308061164719276
551d1   1       1.7825806435972834324   1.6780687659212956119
552a1   1       1.4823427317962709788   1.6984385684815119019
552a2   1       1.4823427317962709788   1.6984385684815119019
552b1   0       0.52408374814812633662  0.65545402603236971442
552b2   0       0.52408374814812633662  0.65545402603236971442
552c1   0       0.40856740958676632791  0.51985011854888036706
552c2   0       0.40856740958676632791  0.51985011854888036706
552d1   1       1.7598334476450369132   1.6604949756175502200
552d2   1       1.7598334476450369132   1.6604949756175502200
552d3   1       1.7598334476450369132   1.6604949756175502200
552d4   1       1.7598334476450369132   1.6604949756175502200
552e1   1       1.5363042767268825956   1.7366157008591474837
552e2   1       1.5363042767268825956   1.7366157008591474837
552e3   1       1.5363042767268825956   1.7366157008591474837
552e4   1       1.5363042767268825956   1.7366157008591474837
555a1   0       0.69923388523610023079  0.59460977513960765117
555b1   0       0.76650148440164983846  0.63519001332804544168
555b2   0       0.76650148440164983846  0.63519001332804544168
556a1   1       1.7607853301691579585   1.6487743861220361687
557a1   1       1.9026910803338447916   1.7614232108224197522
557b1   0       0.70283454501828585976  0.61928396923062632611
558a1   1       1.5993605706197741836   1.8177056494419705927
558b1   0       0.69220535903489900617  0.27785757729360052222
558b2   0       0.69220535903489900617  0.27785757729360052222
558c1   0       0.55765746417035257905  0.39269150068086422947
558c2   0       0.55765746417035257905  0.39269150068086422947
558c3   0       0.55765746417035257905  0.39269150068086422947
558c4   0       0.55765746417035257905  0.39269150068086422947
558d1   1       1.8165994955664647001   1.7793223379323280228
558d2   1       1.8165994955664647001   1.7793223379323280228
558e1   0       0.29673338713409282759  0.60422869780131768205
558f1   1       1.5772036195150121721   1.8210291043400915619
558f2   1       1.5772036195150121721   1.8210291043400915619
558g1   1       1.6992027677838688189   1.5796560698955845651
558h1   0       0.51196774470662246107  0.54753565774330191903
560a1   0       0.52807677479141692180  0.55359888356764111775
560b1   0       0.64404847313696303063  0.44076689897614311242
560c1   0       0.41977024197205289766  0.64598023031611777736
560c2   0       0.41977024197205289766  0.64598023031611777736
560c3   0       0.41977024197205289766  0.64598023031611777736
560d1   1       2.0081115960920664347   1.7222258358456586405
560d2   1       2.0081115960920664347   1.7222258358456586405
560d3   1       2.0081115960920664347   1.7222258358456586405
560d4   1       2.0081115960920664347   1.7222258358456586405
560e1   1       1.7691017281139658360   1.5584326582848671800
560f1   1       1.8540429696988967948   1.7002995831094765700
560f2   1       1.8540429696988967948   1.7002995831094765700
561a1   0       0.96540831795895646912  0.48685876882397443840
561b1   1       1.8191184787777720628   1.7561824578096606918
561c1   1       1.7448969743358191783   1.7255804076129485403
561d1   0       0.67634391242710586216  0.34237793477796477984
561d2   0       0.67634391242710586216  0.34237793477796477984
561d3   0       0.67634391242710586216  0.34237793477796477984
561d4   0       0.67634391242710586216  0.34237793477796477984
562a1   0       0.53976646016622664783  0.37631564090337300138
562a2   0       0.53976646016622664783  0.37631564090337300138
563a1   2       3.0332802657410674751   2.8842998904111259973
564a1   1       1.6687715496620785685   1.7225085837936949445
564b1   1       1.9430305107804000344   1.7187448012761199442
564b2   1       1.9430305107804000344   1.7187448012761199442
565a1   0       0.39587580790363834396  0.68704898209081026325
566a1   1       1.5347871013090602389   1.5827394373614391489
566b1   0       0.47515456828221220302  0.61900430380616691297
567a1   1       1.8585625053239947551   1.7276299657722776667
567b1   1       1.7431701121185828704   1.7865771248862885393
568a1   0       0.54075034294224678120  0.56449113193422518812
570a1   1       1.7619944308848369919   1.6737005474737406398
570a2   1       1.7619944308848369919   1.6737005474737406398
570b1   0       0.41696967494740294758  0.33831539511836745439
570b2   0       0.41696967494740294758  0.33831539511836745439
570c1   1       1.7211685850690995798   1.8686370226362546233
570c2   1       1.7211685850690995798   1.8686370226362546233
570d1   0       0.39161239640632399113  0.35439115665603691990
570d2   0       0.39161239640632399113  0.35439115665603691990
570d3   0       0.39161239640632399113  0.35439115665603691990
570d4   0       0.39161239640632399113  0.35439115665603691990
570e1   1       1.8932445648242177356   1.8877066021844877570
570e2   1       1.8932445648242177356   1.8877066021844877570
570e3   1       1.8932445648242177356   1.8877066021844877570
570e4   1       1.8932445648242177356   1.8877066021844877570
570f1   0       0.36742754992683368101  0.57826354176644456944
570f2   0       0.36742754992683368101  0.57826354176644456944
570f3   0       0.36742754992683368101  0.57826354176644456944
570f4   0       0.36742754992683368101  0.57826354176644456944
570g1   0       0.56582008702737242166  0.32828141826218938861
570g2   0       0.56582008702737242166  0.32828141826218938861
570g3   0       0.56582008702737242166  0.32828141826218938861
570g4   0       0.56582008702737242166  0.32828141826218938861
570h1   0       0.58880230652724477066  0.58075095742762980467
570h2   0       0.58880230652724477066  0.58075095742762980467
570i1   0       0.62158129404557286371  0.86914447870815000925
570i2   0       0.62158129404557286371  0.86914447870815000925
570i3   0       0.62158129404557286371  0.86914447870815000925
570i4   0       0.62158129404557286371  0.86914447870815000925
570j1   0       0.67297645559465639304  0.58261330055748128299
570j2   0       0.67297645559465639304  0.58261330055748128299
570k1   0       0.60980165111567844777  0.49128536859322142956
570k2   0       0.60980165111567844777  0.49128536859322142956
570k3   0       0.60980165111567844777  0.49128536859322142956
570k4   0       0.60980165111567844777  0.49128536859322142956
570l1   0       0.67112669154369858923  0.49828987571146045133
570l2   0       0.67112669154369858923  0.49828987571146045133
570l3   0       0.67112669154369858923  0.49828987571146045133
570l4   0       0.67112669154369858923  0.49828987571146045133
570m1   0       0.55690943273989944620  0.77431567456574471855
570m2   0       0.55690943273989944620  0.77431567456574471855
570m3   0       0.55690943273989944620  0.77431567456574471855
570m4   0       0.55690943273989944620  0.77431567456574471855
571a1   0       0.62870012245210924974  0.31389166584322651726
571b1   2       2.8320670059222381782   2.8697288167803530531
572a1   0       0.46141712298950567916  0.35884864263986531747
572a2   0       0.46141712298950567916  0.35884864263986531747
573a1   0       0.67500472154817168883  0.53764308903188020063
573a2   0       0.67500472154817168883  0.53764308903188020063
573b1   0       0.55510454922826883847  0.55806116753394978028
573c1   1       1.8977068144699826454   1.7232325463778797848
574a1   1       1.7103423322642774371   1.7841948279918386175
574b1   1       1.7043898089279711179   1.6259583162785387459
574b2   1       1.7043898089279711179   1.6259583162785387459
574c1   0       0.26592123754901549681  0.38100602470647525594
574c2   0       0.26592123754901549681  0.38100602470647525594
574d1   0       0.70481343802161823179  0.49518907440484236890
574d2   0       0.70481343802161823179  0.49518907440484236890
574e1   0       0.32705533559332776588  0.58330176290161912023
574f1   1       1.6028743129737019015   1.6061447696489395830
574f2   1       1.6028743129737019015   1.6061447696489395830
574g1   1       1.7844490170183563761   1.6776518149754828995
574h1   1       1.6632889338490498476   1.7441212968653286827
574h2   1       1.6632889338490498476   1.7441212968653286827
574i1   1       1.7625607163903009875   1.7706809963310312115
574i2   1       1.7625607163903009875   1.7706809963310312115
574j1   0       0.52783052838114988746  0.66018786232068278348
574j2   0       0.52783052838114988746  0.66018786232068278348
575a1   1       1.5458576986678405085   1.5525187824943700860
575b1   1       1.8744251576655595515   1.7023564119606790575
575c1   0       0.39523005212819387025  0.45286584241789788921
575d1   1       1.7552162705543935569   1.7280447316917595972
575e1   1       1.6100414527515285187   1.8335280907663735650
576a1   1       1.8040763440499916316   1.6478661944975453577
576a2   1       1.8040763440499916316   1.6478661944975453577
576a3   1       1.8040763440499916316   1.6478661944975453577
576a4   1       1.8040763440499916316   1.6478661944975453577
576b1   0       0.20444408667949480286  0.63845734629354457590
576b2   0       0.20444408667949480286  0.63845734629354457590
576b3   0       0.20444408667949480286  0.63845734629354457590
576b4   0       0.20444408667949480286  0.63845734629354457590
576c1   0       0.68579027172310042083  0.34890615877055250241
576c2   0       0.68579027172310042083  0.34890615877055250241
576c3   0       0.68579027172310042083  0.34890615877055250241
576c4   0       0.68579027172310042083  0.34890615877055250241
576d1   0       0.61516384257068840264  0.39479394630393866486
576d2   0       0.61516384257068840264  0.39479394630393866486
576d3   0       0.61516384257068840264  0.39479394630393866486
576d4   0       0.61516384257068840264  0.39479394630393866486
576d5   0       0.61516384257068840264  0.39479394630393866486
576d6   0       0.61516384257068840264  0.39479394630393866486
576e1   0       0.54420665500456905415  0.50786263643139470631
576e2   0       0.54420665500456905415  0.50786263643139470631
576e3   0       0.54420665500456905415  0.50786263643139470631
576e4   0       0.54420665500456905415  0.50786263643139470631
576f1   0       0.38501390837775673508  0.51906512771301442926
576f2   0       0.38501390837775673508  0.51906512771301442926
576g1   0       0.34772710426554363407  0.69383893353323706710
576g2   0       0.34772710426554363407  0.69383893353323706710
576h1   1       1.6601232998919640827   1.5707753172294542742
576h2   1       1.6601232998919640827   1.5707753172294542742
576h3   1       1.6601232998919640827   1.5707753172294542742
576h4   1       1.6601232998919640827   1.5707753172294542742
576i1   1       1.8611592259876782443   1.4993014889668508038
576i2   1       1.8611592259876782443   1.4993014889668508038
576i3   1       1.8611592259876782443   1.4993014889668508038
576i4   1       1.8611592259876782443   1.4993014889668508038
576i5   1       1.8611592259876782443   1.4993014889668508038
576i6   1       1.8611592259876782443   1.4993014889668508038
578a1   0       0.57053204098759537572  0.67808495376544269966
578a2   0       0.57053204098759537572  0.67808495376544269966
578a3   0       0.57053204098759537572  0.67808495376544269966
578a4   0       0.57053204098759537572  0.67808495376544269966
579a1   0       0.37424577613893686842  0.56300331056441074364
579b1   1       1.6616758430719979637   1.8402004785951052597
579b2   1       1.6616758430719979637   1.8402004785951052597
580a1   1       1.9532385565578915243   1.7346732953822759708
580a2   1       1.9532385565578915243   1.7346732953822759708
580b1   1       1.7421450382011197117   1.7506830823974735193
580b2   1       1.7421450382011197117   1.7506830823974735193
582a1   1       1.7074875887790703939   1.7124816087919312890
582a2   1       1.7074875887790703939   1.7124816087919312890
582b1   0       0.70194880181558508582  0.43844992994198109719
582b2   0       0.70194880181558508582  0.43844992994198109719
582c1   1       1.9229765040822267277   1.8649769155714714135
582c2   1       1.9229765040822267277   1.8649769155714714135
582d1   0       0.59061105502071882501  0.70130494398902802055
582d2   0       0.59061105502071882501  0.70130494398902802055
582d3   0       0.59061105502071882501  0.70130494398902802055
582d4   0       0.59061105502071882501  0.70130494398902802055
583a1   0       0.51834681256335900130  0.52931995965756613653
583b1   0       0.56182701690434809219  0.61180522233956217914
583c1   0       0.56266331093875561969  0.54739472973888720101
585a1   1       1.6905370765979517245   1.5771461745224661570
585a2   1       1.6905370765979517245   1.5771461745224661570
585b1   0       0.33739255176590677081  0.57072412484558112351
585b2   0       0.33739255176590677081  0.57072412484558112351
585c1   0       0.37296764634822275270  0.55193694465324614652
585c2   0       0.37296764634822275270  0.55193694465324614652
585d1   1       1.7422048403238198341   1.6558433951204675441
585d2   1       1.7422048403238198341   1.6558433951204675441
585e1   0       0.41714470159582499185  0.66749246389883219022
585f1   1       1.7852143830913284431   1.7518062597226114166
585f2   1       1.7852143830913284431   1.7518062597226114166
585f3   1       1.7852143830913284431   1.7518062597226114166
585f4   1       1.7852143830913284431   1.7518062597226114166
585f5   1       1.7852143830913284431   1.7518062597226114166
585f6   1       1.7852143830913284431   1.7518062597226114166
585f7   1       1.7852143830913284431   1.7518062597226114166
585f8   1       1.7852143830913284431   1.7518062597226114166
585g1   1       1.8373177601027564805   1.6836347482211889486
585h1   1       1.6911087896416650305   1.6689621633035806261
585h2   1       1.6911087896416650305   1.6689621633035806261
585i1   1       1.7938792679965350714   1.7823241056247422562
586a1   0       0.18539883180710563453  0.47953750473034195020
586b1   1       1.7795670160343416410   1.7788948254530679540
586c1   1       1.8580342832475358330   1.7201172816715891571
588a1   0       0.43057140635070408161  0.57355076002328961757
588b1   1       1.7630458522520710841   1.5033392987355622791
588b2   1       1.7630458522520710841   1.5033392987355622791
588b3   1       1.7630458522520710841   1.5033392987355622791
588b4   1       1.7630458522520710841   1.5033392987355622791
588c1   1       1.5807781473923261839   1.7492829845367675540
588c2   1       1.5807781473923261839   1.7492829845367675540
588d1   0       0.46134559258324434448  0.65934517381624954898
588e1   0       0.50860679298049003736  0.67128906449033079178
588e2   0       0.50860679298049003736  0.67128906449033079178
588f1   0       0.60168629986754317078  0.52024831681009407577
588f2   0       0.60168629986754317078  0.52024831681009407577
590a1   0       0.32776407985083673478  0.47172379976223875656
590a2   0       0.32776407985083673478  0.47172379976223875656
590b1   0       0.74500773860302270258  0.44799303569983781824
590b2   0       0.74500773860302270258  0.44799303569983781824
590b3   0       0.74500773860302270258  0.44799303569983781824
590b4   0       0.74500773860302270258  0.44799303569983781824
590c1   1       1.7625307098132403816   1.6185542169653136374
590d1   1       1.9367197776547205800   1.7593313937108183959
591a1   1       1.8392240003986531739   1.7165363320609391825
592a1   1       1.9321043492499400713   1.8158501922706414771
592b1   0       0.61252642600771545138  0.56892771036139965402
592c1   0       0.56721174382335408425  0.55468515730127689552
592d1   1       1.8983978489436255637   1.6708741454210608967
592e1   1       1.6396948565832773765   1.6390685674628018551
592e2   1       1.6396948565832773765   1.6390685674628018551
592e3   1       1.6396948565832773765   1.6390685674628018551
593a1   1       1.6620988600447393851   1.6785453071891733673
593b1   0       0.43999422307781829446  0.39813399020503188818
593b2   0       0.43999422307781829446  0.39813399020503188818
594a1   1       1.6709796834469242050   1.7854148853096680497
594b1   0       0.61347968711263981806  0.40533880377893562073
594c1   0       0.52890094865884757086  0.23909030059257692272
594c2   0       0.52890094865884757086  0.23909030059257692272
594d1   1       1.8001960015406431360   1.7676307621729963268
594e1   0       0.71489605916832018582  0.56898041578225397019
594f1   0       0.62527273181873591990  0.70515745051000734006
594g1   0       0.55449928248046818416  0.65421897689362166461
594h1   0       0.47041612255227569483  0.72268868233338715406
594h2   0       0.47041612255227569483  0.72268868233338715406
595a1   0       0.36476214872549913358  0.63474045012727290436
595b1   0       0.40625874622205664599  0.68990773476721352722
595c1   0       0.48763156284896140144  0.39841441791580410829
598a1   1       1.5845073749031804321   1.7861676294441488539
598a2   1       1.5845073749031804321   1.7861676294441488539
598b1   1       1.8448448421433570524   1.6313795560271943969
598c1   0       0.54842723219733739916  0.42393719486008999343
598d1   1       1.8677818475481980934   1.8036776281627834393
600a1   1       1.6936293669021178837   1.6299211559409864158
600a2   1       1.6936293669021178837   1.6299211559409864158
600a3   1       1.6936293669021178837   1.6299211559409864158
600a4   1       1.6936293669021178837   1.6299211559409864158
600a5   1       1.6936293669021178837   1.6299211559409864158
600a6   1       1.6936293669021178837   1.6299211559409864158
600b1   1       1.6151207246805344859   1.7823778141262063991
600c1   0       0.60135355401611841741  0.44612394463225412417
600c2   0       0.60135355401611841741  0.44612394463225412417
600d1   0       0.65367241714027012871  0.71362758470454605377
600d2   0       0.65367241714027012871  0.71362758470454605377
600d3   0       0.65367241714027012871  0.71362758470454605377
600d4   0       0.65367241714027012871  0.71362758470454605377
600d5   0       0.65367241714027012871  0.71362758470454605377
600d6   0       0.65367241714027012871  0.71362758470454605377
600e1   1       1.7046309214619388089   1.5768558741186956427
600f1   0       0.10806865715517708511  0.54523906355215769635
600f2   0       0.10806865715517708511  0.54523906355215769635
600f3   0       0.10806865715517708511  0.54523906355215769635
600f4   0       0.10806865715517708511  0.54523906355215769635
600g1   0       0.60445967668716687465  0.26172955744244648016
600h1   0       0.50241904133381919785  0.39278198169242611251
600h2   0       0.50241904133381919785  0.39278198169242611251
600i1   0       0.40735609317156307411  0.63833899283926302099